0.000000 0.331313 0.331313 0.331313 0.000000 
 0.000083 0.332078 0.332078 0.332078 4.591942 
 0.000167 0.332078 0.332078 0.332078 4.591942 
 0.000250 0.331576 0.331576 0.331576 -3.010869 
 0.000333 0.331576 0.331576 0.331576 -3.010869 
 0.000417 0.331313 0.331313 0.331313 -1.581073 
 0.000500 0.331313 0.331313 0.331313 -1.581073 
 0.000583 0.331313 0.331313 0.331313 0.000000 
 0.000667 0.331313 0.331313 0.331313 0.000000 
 0.000750 0.330810 0.330810 0.330810 -3.016591 
 0.000833 0.330810 0.330810 0.330810 -3.016591 
 0.000917 0.331576 0.331576 0.331576 4.597664 
 0.001000 0.331576 0.331576 0.331576 4.597664 
 0.001083 0.333607 0.333607 0.333607 12.187600 
 0.001167 0.333607 0.333607 0.333607 12.187600 
 0.001250 0.332342 0.332342 0.332342 -7.592440 
 0.001333 0.332342 0.332342 0.332342 -7.592440 
 0.001417 0.332843 0.332843 0.332843 3.005147 
 0.001500 0.332843 0.332843 0.332843 3.005147 
 0.001583 0.333872 0.333872 0.333872 6.178021 
 0.001667 0.333872 0.333872 0.333872 6.178021 
 0.001750 0.335135 0.335135 0.335135 7.576346 
 0.001833 0.335135 0.335135 0.335135 7.576346 
 0.001917 0.334903 0.334903 0.334903 -1.392782 
 0.002000 0.334903 0.334903 0.334903 -1.392782 
 0.002083 0.335668 0.335668 0.335668 4.588544 
 0.002167 0.335668 0.335668 0.335668 4.588544 
 0.002250 0.336432 0.336432 0.336432 4.586220 
 0.002333 0.336432 0.336432 0.336432 4.586220 
 0.002417 0.337960 0.337960 0.337960 9.164751 
 0.002500 0.337960 0.337960 0.337960 9.164751 
 0.002583 0.337732 0.337732 0.337732 -1.363456 
 0.002667 0.337732 0.337732 0.337732 -1.363456 
 0.002750 0.338992 0.338992 0.338992 7.555783 
 0.002833 0.338992 0.338992 0.338992 7.555783 
 0.002917 0.339261 0.339261 0.339261 1.616299 
 0.003000 0.339261 0.339261 0.339261 1.616299 
 0.003083 0.341551 0.341551 0.341551 13.739347 
 0.003167 0.341551 0.341551 0.341551 13.739347 
 0.003250 0.341059 0.341059 0.341059 -2.952218 
 0.003333 0.341059 0.341059 0.341059 -2.952218 
 0.003417 0.342858 0.342858 0.342858 10.792136 
 0.003500 0.342858 0.342858 0.342858 10.792136 
 0.003583 0.343130 0.343130 0.343130 1.635969 
 0.003667 0.343130 0.343130 0.343130 1.635969 
 0.003750 0.345420 0.345420 0.345420 13.737022 
 0.003833 0.345420 0.345420 0.345420 13.737022 
 0.003917 0.346457 0.346457 0.346457 6.224692 
 0.004000 0.346457 0.346457 0.346457 6.224692 
 0.004083 0.348467 0.348467 0.348467 12.056171 
 0.004167 0.348467 0.348467 0.348467 12.056171 
 0.004250 0.349782 0.349782 0.349782 7.892311 
 0.004333 0.349782 0.349782 0.349782 7.892311 
 0.004417 0.351583 0.351583 0.351583 10.806084 
 0.004500 0.351583 0.351583 0.351583 10.806084 
 0.004583 0.353104 0.353104 0.353104 9.128094 
 0.004667 0.353104 0.353104 0.353104 9.128094 
 0.004750 0.357467 0.357467 0.357467 26.172817 
 0.004833 0.357467 0.357467 0.357467 26.172817 
 0.004917 0.355947 0.355947 0.355947 -9.114504 
 0.005000 0.355947 0.355947 0.355947 -9.114504 
 0.005083 0.358510 0.358510 0.358510 15.373528 
 0.005167 0.358510 0.358510 0.358510 15.373528 
 0.005250 0.359554 0.359554 0.359554 6.264746 
 0.005333 0.359554 0.359554 0.359554 6.264746 
 0.005417 0.362404 0.362404 0.362404 17.102480 
 0.005500 0.362404 0.362404 0.362404 17.102480 
 0.005583 0.363921 0.363921 0.363921 9.101809 
 0.005667 0.363921 0.363921 0.363921 9.101809 
 0.005750 0.366484 0.366484 0.366484 15.375317 
 0.005833 0.366484 0.366484 0.366484 15.375317 
 0.005917 0.367997 0.367997 0.367997 9.081244 
 0.006000 0.367997 0.367997 0.367997 9.081244 
 0.006083 0.370095 0.370095 0.370095 12.587250 
 0.006167 0.370095 0.370095 0.370095 12.587250 
 0.006250 0.371607 0.371607 0.371607 9.071768 
 0.006333 0.371607 0.371607 0.371607 9.071768 
 0.006417 0.374168 0.374168 0.374168 15.364051 
 0.006500 0.374168 0.374168 0.374168 15.364051 
 0.006583 0.374922 0.374922 0.374922 4.526854 
 0.006667 0.374922 0.374922 0.374922 4.526854 
 0.006750 0.378834 0.378834 0.378834 23.469330 
 0.006833 0.378834 0.378834 0.378834 23.469330 
 0.006917 0.380642 0.380642 0.380642 10.848820 
 0.007000 0.380642 0.380642 0.380642 10.848820 
 0.007083 0.383507 0.383507 0.383507 17.190456 
 0.007167 0.383507 0.383507 0.383507 17.190456 
 0.007250 0.385764 0.385764 0.385764 13.541937 
 0.007333 0.385764 0.385764 0.385764 13.541937 
 0.007417 0.388631 0.388631 0.388631 17.202795 
 0.007500 0.388631 0.388631 0.388631 17.202795 
 0.007583 0.391192 0.391192 0.391192 15.364766 
 0.007667 0.391192 0.391192 0.391192 15.364766 
 0.007750 0.393752 0.393752 0.393752 15.358866 
 0.007833 0.393752 0.393752 0.393752 15.358866 
 0.007917 0.396188 0.396188 0.396188 14.619827 
 0.008000 0.396188 0.396188 0.396188 14.619827 
 0.008083 0.398751 0.398751 0.398751 15.375853 
 0.008167 0.398751 0.398751 0.398751 15.375853 
 0.008250 0.402060 0.402060 0.402060 19.855679 
 0.008333 0.402060 0.402060 0.402060 19.855679 
 0.008417 0.403016 0.403016 0.403016 5.733490 
 0.008500 0.403016 0.403016 0.403016 5.733490 
 0.008583 0.407500 0.407500 0.407500 26.905060 
 0.008667 0.407500 0.407500 0.407500 26.905060 
 0.008750 0.411453 0.411453 0.411453 23.720383 
 0.008833 0.411453 0.411453 0.411453 23.720383 
 0.008917 0.414014 0.414014 0.414014 15.364408 
 0.009000 0.414014 0.414014 0.414014 15.364408 
 0.009083 0.416488 0.416488 0.416488 14.842808 
 0.009167 0.416488 0.416488 0.416488 14.842808 
 0.009250 0.420205 0.420205 0.420205 22.304176 
 0.009333 0.420205 0.420205 0.420205 22.304176 
 0.009417 0.423431 0.423431 0.423431 19.353926 
 0.009500 0.423431 0.423431 0.423431 19.353926 
 0.009583 0.425991 0.425991 0.425991 15.359938 
 0.009667 0.425991 0.425991 0.425991 15.359938 
 0.009750 0.429628 0.429628 0.429628 21.822989 
 0.009833 0.429628 0.429628 0.429628 21.822989 
 0.009917 0.433266 0.433266 0.433266 21.827816 
 0.010000 0.433266 0.433266 0.433266 21.827816 
 0.010083 0.436905 0.436905 0.436905 21.833181 
 0.010167 0.436905 0.436905 0.436905 21.833181 
 0.010250 0.439851 0.439851 0.439851 17.677189 
 0.010333 0.439851 0.439851 0.439851 17.677189 
 0.010417 0.443100 0.443100 0.443100 19.492865 
 0.010500 0.443100 0.443100 0.443100 19.492865 
 0.010583 0.447473 0.447473 0.447473 26.237726 
 0.010667 0.447473 0.447473 0.447473 26.237726 
 0.010750 0.451089 0.451089 0.451089 21.693348 
 0.010833 0.451089 0.451089 0.451089 21.693348 
 0.010917 0.455092 0.455092 0.455092 24.021864 
 0.011000 0.455092 0.455092 0.455092 24.021864 
 0.011083 0.458749 0.458749 0.458749 21.943331 
 0.011167 0.458749 0.458749 0.458749 21.943331 
 0.011250 0.462391 0.462391 0.462391 21.850348 
 0.011333 0.462391 0.462391 0.462391 21.850348 
 0.011417 0.465671 0.465671 0.465671 19.679188 
 0.011500 0.465671 0.465671 0.465671 19.679188 
 0.011583 0.470044 0.470044 0.470044 26.235222 
 0.011667 0.470044 0.470044 0.470044 26.235222 
 0.011750 0.473706 0.473706 0.473706 21.974802 
 0.011833 0.473706 0.473706 0.473706 21.974802 
 0.011917 0.478806 0.478806 0.478806 30.597925 
 0.012000 0.478806 0.478806 0.478806 30.597925 
 0.012083 0.483175 0.483175 0.483175 26.218056 
 0.012167 0.483175 0.483175 0.483175 26.218056 
 0.012250 0.486100 0.486100 0.486100 17.547726 
 0.012333 0.486100 0.486100 0.486100 17.547726 
 0.012417 0.491184 0.491184 0.491184 30.507088 
 0.012500 0.491184 0.491184 0.491184 30.507088 
 0.012583 0.494884 0.494884 0.494884 22.197247 
 0.012667 0.494884 0.494884 0.494884 22.197247 
 0.012750 0.498923 0.498923 0.498923 24.233936 
 0.012833 0.498923 0.498923 0.498923 24.233936 
 0.012917 0.502895 0.502895 0.502895 23.832321 
 0.013000 0.502895 0.502895 0.502895 23.832321 
 0.013083 0.508362 0.508362 0.508362 32.801987 
 0.013167 0.508362 0.508362 0.508362 32.801987 
 0.013250 0.513517 0.513517 0.513517 30.927299 
 0.013333 0.513517 0.513517 0.513517 30.927299 
 0.013417 0.516452 0.516452 0.516452 17.614246 
 0.013500 0.516452 0.516452 0.516452 17.614246 
 0.013583 0.521619 0.521619 0.521619 31.000614 
 0.013667 0.521619 0.521619 0.521619 31.000614 
 0.013750 0.526383 0.526383 0.526383 28.585196 
 0.013833 0.526383 0.526383 0.526383 28.585196 
 0.013917 0.532142 0.532142 0.532142 34.551502 
 0.014000 0.532142 0.532142 0.532142 34.551502 
 0.014083 0.535496 0.535496 0.535496 20.126581 
 0.014167 0.535496 0.535496 0.535496 20.126581 
 0.014250 0.540398 0.540398 0.540398 29.412746 
 0.014333 0.540398 0.540398 0.540398 29.412746 
 0.014417 0.546840 0.546840 0.546840 38.651703 
 0.014500 0.546840 0.546840 0.546840 38.651703 
 0.014583 0.552030 0.552030 0.552030 31.136154 
 0.014667 0.552030 0.552030 0.552030 31.136154 
 0.014750 0.555405 0.555405 0.555405 20.252110 
 0.014833 0.555405 0.555405 0.555405 20.252110 
 0.014917 0.560865 0.560865 0.560865 32.758713 
 0.015000 0.560865 0.560865 0.560865 32.758713 
 0.015083 0.565377 0.565377 0.565377 27.072788 
 0.015167 0.565377 0.565377 0.565377 27.072788 
 0.015250 0.571522 0.571522 0.571522 36.867859 
 0.015333 0.571522 0.571522 0.571522 36.867859 
 0.015417 0.576044 0.576044 0.576044 27.135372 
 0.015500 0.576044 0.576044 0.576044 27.135372 
 0.015583 0.580811 0.580811 0.580811 28.599501 
 0.015667 0.580811 0.580811 0.580811 28.599501 
 0.015750 0.587390 0.587390 0.587390 39.477112 
 0.015833 0.587390 0.587390 0.587390 39.477112 
 0.015917 0.592608 0.592608 0.592608 31.306744 
 0.016000 0.592608 0.592608 0.592608 31.306744 
 0.016083 0.596937 0.596937 0.596937 25.971651 
 0.016167 0.596937 0.596937 0.596937 25.971651 
 0.016250 0.602171 0.602171 0.602171 31.406879 
 0.016333 0.602171 0.602171 0.602171 31.406879 
 0.016417 0.608959 0.608959 0.608959 40.726303 
 0.016500 0.608959 0.608959 0.608959 40.726303 
 0.016583 0.612851 0.612851 0.612851 23.353100 
 0.016667 0.612851 0.612851 0.612851 23.353100 
 0.016750 0.619234 0.619234 0.619234 38.299084 
 0.016833 0.619234 0.619234 0.619234 38.299084 
 0.016917 0.624478 0.624478 0.624478 31.464458 
 0.017000 0.624478 0.624478 0.624478 31.464458 
 0.017083 0.630388 0.630388 0.630388 35.457729 
 0.017167 0.630388 0.630388 0.630388 35.457729 
 0.017250 0.636782 0.636782 0.636782 38.364887 
 0.017333 0.636782 0.636782 0.636782 38.364887 
 0.017417 0.642032 0.642032 0.642032 31.501293 
 0.017500 0.642032 0.642032 0.642032 31.501293 
 0.017583 0.648434 0.648434 0.648434 38.410664 
 0.017667 0.648434 0.648434 0.648434 38.410664 
 0.017750 0.654340 0.654340 0.654340 35.434486 
 0.017833 0.654340 0.654340 0.654340 35.434486 
 0.017917 0.660744 0.660744 0.660744 38.427471 
 0.018000 0.660744 0.660744 0.660744 38.427471 
 0.018083 0.666644 0.666644 0.666644 35.398720 
 0.018167 0.666644 0.666644 0.666644 35.398720 
 0.018250 0.673820 0.673820 0.673820 43.054104 
 0.018333 0.673820 0.673820 0.673820 43.054104 
 0.018417 0.678303 0.678303 0.678303 26.898623 
 0.018500 0.678303 0.678303 0.678303 26.898623 
 0.018583 0.684711 0.684711 0.684711 38.444996 
 0.018667 0.684711 0.684711 0.684711 38.444996 
 0.018750 0.691010 0.691010 0.691010 37.794472 
 0.018833 0.691010 0.691010 0.691010 37.794472 
 0.018917 0.697528 0.697528 0.697528 39.108040 
 0.019000 0.697528 0.697528 0.697528 39.108040 
 0.019083 0.703215 0.703215 0.703215 34.123779 
 0.019167 0.703215 0.703215 0.703215 34.123779 
 0.019250 0.710169 0.710169 0.710169 41.726589 
 0.019333 0.710169 0.710169 0.710169 41.726589 
 0.019417 0.719142 0.719142 0.719142 53.837299 
 0.019500 0.719142 0.719142 0.719142 53.837299 
 0.019583 0.722393 0.722393 0.722393 19.507170 
 0.019667 0.722393 0.722393 0.722393 19.507170 
 0.019750 0.729975 0.729975 0.729975 45.492409 
 0.019833 0.729975 0.729975 0.729975 45.492409 
 0.019917 0.736394 0.736394 0.736394 38.508652 
 0.020000 0.736394 0.736394 0.736394 38.508652 
 0.020083 0.743970 0.743970 0.743970 45.457005 
 0.020167 0.743970 0.743970 0.743970 45.457005 
 0.020250 0.749779 0.749779 0.749779 34.855125 
 0.020333 0.749779 0.749779 0.749779 34.855125 
 0.020417 0.756753 0.756753 0.756753 41.845322 
 0.020500 0.756753 0.756753 0.756753 41.845322 
 0.020583 0.761945 0.761945 0.761945 31.149029 
 0.020667 0.761945 0.761945 0.761945 31.149029 
 0.020750 0.770692 0.770692 0.770692 52.484394 
 0.020833 0.770692 0.770692 0.770692 52.484394 
 0.020917 0.777690 0.777690 0.777690 41.985870 
 0.021000 0.777690 0.777690 0.777690 41.985870 
 0.021083 0.784671 0.784671 0.784671 41.887520 
 0.021167 0.784671 0.784671 0.784671 41.887520 
 0.021250 0.791067 0.791067 0.791067 38.377762 
 0.021333 0.791067 0.791067 0.791067 38.377762 
 0.021417 0.798633 0.798633 0.798633 45.394779 
 0.021500 0.798633 0.798633 0.798633 45.394779 
 0.021583 0.805636 0.805636 0.805636 42.017700 
 0.021667 0.805636 0.805636 0.805636 42.017700 
 0.021750 0.812622 0.812622 0.812622 41.913628 
 0.021833 0.812622 0.812622 0.812622 41.913628 
 0.021917 0.821931 0.821931 0.821931 55.858971 
 0.022000 0.821931 0.821931 0.821931 55.858971 
 0.022083 0.827747 0.827747 0.827747 34.893394 
 0.022167 0.827747 0.827747 0.827747 34.893394 
 0.022250 0.834779 0.834779 0.834779 42.193295 
 0.022333 0.834779 0.834779 0.834779 42.193295 
 0.022417 0.841757 0.841757 0.841757 41.868568 
 0.022500 0.841757 0.841757 0.841757 41.868568 
 0.022583 0.849891 0.849891 0.849891 48.805119 
 0.022667 0.849891 0.849891 0.849891 48.805119 
 0.022750 0.856940 0.856940 0.856940 42.291641 
 0.022833 0.856940 0.856940 0.856940 42.291641 
 0.022917 0.864533 0.864533 0.864533 45.556068 
 0.023000 0.864533 0.864533 0.864533 45.556068 
 0.023083 0.870335 0.870335 0.870335 34.814358 
 0.023167 0.870335 0.870335 0.870335 34.814358 
 0.023250 0.879082 0.879082 0.879082 52.482964 
 0.023333 0.879082 0.879082 0.879082 52.482964 
 0.023417 0.887944 0.887944 0.887944 53.172470 
 0.023500 0.887944 0.887944 0.887944 53.172470 
 0.023583 0.894377 0.894377 0.894377 38.594128 
 0.023667 0.894377 0.894377 0.894377 38.594128 
 0.023750 0.901724 0.901724 0.901724 44.083359 
 0.023833 0.901724 0.901724 0.901724 44.083359 
 0.023917 0.910197 0.910197 0.910197 50.840736 
 0.024000 0.910197 0.910197 0.910197 50.840736 
 0.024083 0.918433 0.918433 0.918433 49.412010 
 0.024167 0.918433 0.918433 0.918433 49.412010 
 0.024250 0.926505 0.926505 0.926505 48.436047 
 0.024333 0.926505 0.926505 0.926505 48.436047 
 0.024417 0.935569 0.935569 0.935569 54.380894 
 0.024500 0.935569 0.935569 0.935569 54.380894 
 0.024583 0.942658 0.942658 0.942658 42.531609 
 0.024667 0.942658 0.942658 0.942658 42.531609 
 0.024750 0.950897 0.950897 0.950897 49.433826 
 0.024833 0.950897 0.950897 0.950897 49.433826 
 0.024917 0.959132 0.959132 0.959132 49.414871 
 0.025000 0.959132 0.959132 0.959132 49.414871 
 0.025083 0.967575 0.967575 0.967575 50.655128 
 0.025167 0.967575 0.967575 0.967575 50.655128 
 0.025250 0.974909 0.974909 0.974909 44.002174 
 0.025333 0.974909 0.974909 0.974909 44.002174 
 0.025417 0.984039 0.984039 0.984039 54.783226 
 0.025500 0.984039 0.984039 0.984039 54.783226 
 0.025583 0.991571 0.991571 0.991571 45.192001 
 0.025667 0.991571 0.991571 0.991571 45.192001 
 0.025750 1.000721 1.000721 1.000721 54.900887 
 0.025833 1.000721 1.000721 1.000721 54.900887 
 0.025917 1.008494 1.008494 1.008494 46.636105 
 0.026000 1.008494 1.008494 1.008494 46.636105 
 0.026083 1.017134 1.017134 1.017134 51.838158 
 0.026167 1.017134 1.017134 1.017134 51.838158 
 0.026250 1.025876 1.025876 1.025876 52.453995 
 0.026333 1.025876 1.025876 1.025876 52.453995 
 0.026417 1.035065 1.035065 1.035065 55.134056 
 0.026500 1.035065 1.035065 1.035065 55.134056 
 0.026583 1.042841 1.042841 1.042841 46.653984 
 0.026667 1.042841 1.042841 1.042841 46.653984 
 0.026750 1.051022 1.051022 1.051022 49.088715 
 0.026833 1.051022 1.051022 1.051022 49.088715 
 0.026917 1.059817 1.059817 1.059817 52.772285 
 0.027000 1.059817 1.059817 1.059817 52.772285 
 0.027083 1.069100 1.069100 1.069100 55.697678 
 0.027167 1.069100 1.069100 1.069100 55.697678 
 0.027250 1.078303 1.078303 1.078303 55.213451 
 0.027333 1.078303 1.078303 1.078303 55.213451 
 0.027417 1.087127 1.087127 1.087127 52.944660 
 0.027500 1.087127 1.087127 1.087127 52.944660 
 0.027583 1.095988 1.095988 1.095988 53.164959 
 0.027667 1.095988 1.095988 1.095988 53.164959 
 0.027750 1.104826 1.104826 1.104826 53.032639 
 0.027833 1.104826 1.104826 1.104826 53.032639 
 0.027917 1.113666 1.113666 1.113666 53.040504 
 0.028000 1.113666 1.113666 1.113666 53.040504 
 0.028083 1.121772 1.121772 1.121772 48.633812 
 0.028167 1.121772 1.121772 1.121772 48.633812 
 0.028250 1.132073 1.132073 1.132073 61.806679 
 0.028333 1.132073 1.132073 1.132073 61.806679 
 0.028417 1.141271 1.141271 1.141271 55.186989 
 0.028500 1.141271 1.141271 1.141271 55.186989 
 0.028583 1.150543 1.150543 1.150543 55.631161 
 0.028667 1.150543 1.150543 1.150543 55.631161 
 0.028750 1.158990 1.158990 1.158990 50.680161 
 0.028833 1.158990 1.158990 1.158990 50.680161 
 0.028917 1.168937 1.168937 1.168937 59.685230 
 0.029000 1.168937 1.168937 1.168937 59.685230 
 0.029083 1.178119 1.178119 1.178119 55.094002 
 0.029167 1.178119 1.178119 1.178119 55.094002 
 0.029250 1.187290 1.187290 1.187290 55.021049 
 0.029333 1.187290 1.187290 1.187290 55.021049 
 0.029417 1.196911 1.196911 1.196911 57.729004 
 0.029500 1.196911 1.196911 1.196911 57.729004 
 0.029583 1.205295 1.205295 1.205295 50.301788 
 0.029667 1.205295 1.205295 1.205295 50.301788 
 0.029750 1.216166 1.216166 1.216166 65.230606 
 0.029833 1.216166 1.216166 1.216166 65.230606 
 0.029917 1.224249 1.224249 1.224249 48.494339 
 0.030000 1.224249 1.224249 1.224249 48.494339 
 0.030083 1.234921 1.234921 1.234921 64.029694 
 0.030167 1.234921 1.234921 1.234921 64.029694 
 0.030250 1.243510 1.243510 1.243510 51.535606 
 0.030333 1.243510 1.243510 1.243510 51.535606 
 0.030417 1.250514 1.250514 1.250514 42.027710 
 0.030500 1.250514 1.250514 1.250514 42.027710 
 0.030583 1.261628 1.261628 1.261628 66.680435 
 0.030667 1.261628 1.261628 1.261628 66.680435 
 0.030750 1.272572 1.272572 1.272572 65.665482 
 0.030833 1.272572 1.272572 1.272572 65.665482 
 0.030917 1.282160 1.282160 1.282160 57.527306 
 0.031000 1.282160 1.282160 1.282160 57.527306 
 0.031083 1.293089 1.293089 1.293089 65.571785 
 0.031167 1.293089 1.293089 1.293089 65.571785 
 0.031250 1.303238 1.303238 1.303238 60.894012 
 0.031333 1.303238 1.303238 1.303238 60.894012 
 0.031417 1.313016 1.313016 1.313016 58.670280 
 0.031500 1.313016 1.313016 1.313016 58.670280 
 0.031583 1.323154 1.323154 1.323154 60.827492 
 0.031667 1.323154 1.323154 1.323154 60.827492 
 0.031750 1.332302 1.332302 1.332302 54.890869 
 0.031833 1.332302 1.332302 1.332302 54.890869 
 0.031917 1.342631 1.342631 1.342631 61.972618 
 0.032000 1.342631 1.342631 1.342631 61.972618 
 0.032083 1.352763 1.352763 1.352763 60.790298 
 0.032167 1.352763 1.352763 1.352763 60.790298 
 0.032250 1.363353 1.363353 1.363353 63.541176 
 0.032333 1.363353 1.363353 1.363353 63.541176 
 0.032417 1.372688 1.372688 1.372688 56.011677 
 0.032500 1.372688 1.372688 1.372688 56.011677 
 0.032583 1.383920 1.383920 1.383920 67.392113 
 0.032667 1.383920 1.383920 1.383920 67.392113 
 0.032750 1.394162 1.394162 1.394162 61.451912 
 0.032833 1.394162 1.394162 1.394162 61.451912 
 0.032917 1.405044 1.405044 1.405044 65.287827 
 0.033000 1.405044 1.405044 1.405044 65.287827 
 0.033083 1.414724 1.414724 1.414724 58.081627 
 0.033167 1.414724 1.414724 1.414724 58.081627 
 0.033250 1.425600 1.425600 1.425600 65.255646 
 0.033333 1.425600 1.425600 1.425600 65.255646 
 0.033417 1.436456 1.436456 1.436456 65.139771 
 0.033500 1.436456 1.436456 1.436456 65.139771 
 0.033583 1.446482 1.446482 1.446482 60.153008 
 0.033667 1.446482 1.446482 1.446482 60.153008 
 0.033750 1.458729 1.458729 1.458729 73.481796 
 0.033833 1.458729 1.458729 1.458729 73.481796 
 0.033917 1.468720 1.468720 1.468720 59.944153 
 0.034000 1.468720 1.468720 1.468720 59.944153 
 0.034083 1.479194 1.479194 1.479194 62.847374 
 0.034167 1.479194 1.479194 1.479194 62.847374 
 0.034250 1.490036 1.490036 1.490036 65.051079 
 0.034333 1.490036 1.490036 1.490036 65.051079 
 0.034417 1.500712 1.500712 1.500712 64.058304 
 0.034500 1.500712 1.500712 1.500712 64.058304 
 0.034583 1.511322 1.511322 1.511322 63.654900 
 0.034667 1.511322 1.511322 1.511322 63.654900 
 0.034750 1.522817 1.522817 1.522817 68.974976 
 0.034833 1.522817 1.522817 1.522817 68.974976 
 0.034917 1.533338 1.533338 1.533338 63.125610 
 0.035000 1.533338 1.533338 1.533338 63.125610 
 0.035083 1.543950 1.543950 1.543950 63.672783 
 0.035167 1.543950 1.543950 1.543950 63.672783 
 0.035250 1.552117 1.552117 1.552117 48.996449 
 0.035333 1.552117 1.552117 1.552117 48.996449 
 0.035417 1.565885 1.565885 1.565885 82.610611 
 0.035500 1.565885 1.565885 1.565885 82.610611 
 0.035583 1.578056 1.578056 1.578056 73.027611 
 0.035667 1.578056 1.578056 1.578056 73.027611 
 0.035750 1.588585 1.588585 1.588585 63.173531 
 0.035833 1.588585 1.588585 1.588585 63.173531 
 0.035917 1.599902 1.599902 1.599902 67.902802 
 0.036000 1.599902 1.599902 1.599902 67.902802 
 0.036083 1.611226 1.611226 1.611226 67.944290 
 0.036167 1.611226 1.611226 1.611226 67.944290 
 0.036250 1.621732 1.621732 1.621732 63.035488 
 0.036333 1.621732 1.621732 1.621732 63.035488 
 0.036417 1.633891 1.633891 1.633891 72.954651 
 0.036500 1.633891 1.633891 1.633891 72.954651 
 0.036583 1.645125 1.645125 1.645125 67.400696 
 0.036667 1.645125 1.645125 1.645125 67.400696 
 0.036750 1.656528 1.656528 1.656528 68.421364 
 0.036833 1.656528 1.656528 1.656528 68.421364 
 0.036917 1.669397 1.669397 1.669397 77.210426 
 0.037000 1.669397 1.669397 1.669397 77.210426 
 0.037083 1.679741 1.679741 1.679741 62.064888 
 0.037167 1.679741 1.679741 1.679741 62.064888 
 0.037250 1.691933 1.691933 1.691933 73.151352 
 0.037333 1.691933 1.691933 1.691933 73.151352 
 0.037417 1.703223 1.703223 1.703223 67.740440 
 0.037500 1.703223 1.703223 1.703223 67.740440 
 0.037583 1.714613 1.714613 1.714613 68.339111 
 0.037667 1.714613 1.714613 1.714613 68.339111 
 0.037750 1.727467 1.727467 1.727467 77.127457 
 0.037833 1.727467 1.727467 1.727467 77.127457 
 0.037917 1.738706 1.738706 1.738706 67.435028 
 0.038000 1.738706 1.738706 1.738706 67.435028 
 0.038083 1.750064 1.750064 1.750064 68.146706 
 0.038167 1.750064 1.750064 1.750064 68.146706 
 0.038250 1.762989 1.762989 1.762989 77.548027 
 0.038333 1.762989 1.762989 1.762989 77.548027 
 0.038417 1.776054 1.776054 1.776054 78.392746 
 0.038500 1.776054 1.776054 1.776054 78.392746 
 0.038583 1.786247 1.786247 1.786247 61.155796 
 0.038667 1.786247 1.786247 1.786247 61.155796 
 0.038750 1.799272 1.799272 1.799272 78.150986 
 0.038833 1.799272 1.799272 1.799272 78.150986 
 0.038917 1.811315 1.811315 1.811315 72.258713 
 0.039000 1.811315 1.811315 1.811315 72.258713 
 0.039083 1.823727 1.823727 1.823727 74.468140 
 0.039167 1.823727 1.823727 1.823727 74.468140 
 0.039250 1.835721 1.835721 1.835721 71.969032 
 0.039333 1.835721 1.835721 1.835721 71.969032 
 0.039417 1.847347 1.847347 1.847347 69.751740 
 0.039500 1.847347 1.847347 1.847347 69.751740 
 0.039583 1.859820 1.859820 1.859820 74.841499 
 0.039667 1.859820 1.859820 1.859820 74.841499 
 0.039750 1.872931 1.872931 1.872931 78.665970 
 0.039833 1.872931 1.872931 1.872931 78.665970 
 0.039917 1.885759 1.885759 1.885759 76.967957 
 0.040000 1.885759 1.885759 1.885759 76.967957 
 0.040083 1.897841 1.897841 1.897841 72.488312 
 0.040167 1.897841 1.897841 1.897841 72.488312 
 0.040250 1.910149 1.910149 1.910149 73.847290 
 0.040333 1.910149 1.910149 1.910149 73.847290 
 0.040417 1.922432 1.922432 1.922432 73.702812 
 0.040500 1.922432 1.922432 1.922432 73.702812 
 0.040583 1.935712 1.935712 1.935712 79.680206 
 0.040667 1.935712 1.935712 1.935712 79.680206 
 0.040750 1.947651 1.947651 1.947651 71.628571 
 0.040833 1.947651 1.947651 1.947651 71.628571 
 0.040917 1.961169 1.961169 1.961169 81.110001 
 0.041000 1.961169 1.961169 1.961169 81.110001 
 0.041083 1.974365 1.974365 1.974365 79.178810 
 0.041167 1.974365 1.974365 1.974365 79.178810 
 0.041250 1.986805 1.986805 1.986805 74.636223 
 0.041333 1.986805 1.986805 1.986805 74.636223 
 0.041417 1.999543 1.999543 1.999543 76.427933 
 0.041500 1.999543 1.999543 1.999543 76.427933 
 0.041583 2.012265 2.012265 2.012265 76.334953 
 0.041667 2.012265 2.012265 2.012265 76.334953 
 0.041750 2.024622 2.024622 2.024622 74.143410 
 0.041833 2.024622 2.024622 2.024622 74.143410 
 0.041917 2.038349 2.038349 2.038349 82.360268 
 0.042000 2.038349 2.038349 2.038349 82.360268 
 0.042083 2.050604 2.050604 2.050604 73.526855 
 0.042167 2.050604 2.050604 2.050604 73.526855 
 0.042250 2.064672 2.064672 2.064672 84.407333 
 0.042333 2.064672 2.064672 2.064672 84.407333 
 0.042417 2.077937 2.077937 2.077937 79.590797 
 0.042500 2.077937 2.077937 2.077937 79.590797 
 0.042583 2.089792 2.089792 2.089792 71.133614 
 0.042667 2.089792 2.089792 2.089792 71.133614 
 0.042750 2.103082 2.103082 2.103082 79.736710 
 0.042833 2.103082 2.103082 2.103082 79.736710 
 0.042917 2.115546 2.115546 2.115546 74.787140 
 0.043000 2.115546 2.115546 2.115546 74.787140 
 0.043083 2.127710 2.127710 2.127710 72.981834 
 0.043167 2.127710 2.127710 2.127710 72.981834 
 0.043250 2.141577 2.141577 2.141577 83.204269 
 0.043333 2.141577 2.141577 2.141577 83.204269 
 0.043417 2.154535 2.154535 2.154535 77.744003 
 0.043500 2.154535 2.154535 2.154535 77.744003 
 0.043583 2.166821 2.166821 2.166821 73.719978 
 0.043667 2.166821 2.166821 2.166821 73.719978 
 0.043750 2.178212 2.178212 2.178212 68.345551 
 0.043833 2.178212 2.178212 2.178212 68.345551 
 0.043917 2.193720 2.193720 2.193720 93.047623 
 0.044000 2.193720 2.193720 2.193720 93.047623 
 0.044083 2.205523 2.205523 2.205523 70.814606 
 0.044167 2.205523 2.205523 2.205523 70.814606 
 0.044250 2.219472 2.219472 2.219472 83.696365 
 0.044333 2.219472 2.219472 2.219472 83.696365 
 0.044417 2.231225 2.231225 2.231225 70.521355 
 0.044500 2.231225 2.231225 2.231225 70.521355 
 0.044583 2.244517 2.244517 2.244517 79.749588 
 0.044667 2.244517 2.244517 2.244517 79.749588 
 0.044750 2.256214 2.256214 2.256214 70.179459 
 0.044833 2.256214 2.256214 2.256214 70.179459 
 0.044917 2.266294 2.266294 2.266294 60.482025 
 0.045000 2.266294 2.266294 2.266294 60.482025 
 0.045083 2.281501 2.281501 2.281501 91.243744 
 0.045167 2.281501 2.281501 2.281501 91.243744 
 0.045250 2.293170 2.293170 2.293170 70.014954 
 0.045333 2.293170 2.293170 2.293170 70.014954 
 0.045417 2.306826 2.306826 2.306826 81.933975 
 0.045500 2.306826 2.306826 2.306826 81.933975 
 0.045583 2.318287 2.318287 2.318287 68.764687 
 0.045667 2.318287 2.318287 2.318287 68.764687 
 0.045750 2.331861 2.331861 2.331861 81.443314 
 0.045833 2.331861 2.331861 2.331861 81.443314 
 0.045917 2.343274 2.343274 2.343274 68.478584 
 0.046000 2.343274 2.343274 2.343274 68.478584 
 0.046083 2.356276 2.356276 2.356276 78.011513 
 0.046167 2.356276 2.356276 2.356276 78.011513 
 0.046250 2.369250 2.369250 2.369250 77.844147 
 0.046333 2.369250 2.369250 2.369250 77.844147 
 0.046417 2.381665 2.381665 2.381665 74.492455 
 0.046500 2.381665 2.381665 2.381665 74.492455 
 0.046583 2.392941 2.392941 2.392941 67.657471 
 0.046667 2.392941 2.392941 2.392941 67.657471 
 0.046750 2.405299 2.405299 2.405299 74.146271 
 0.046833 2.405299 2.405299 2.405299 74.146271 
 0.046917 2.418702 2.418702 2.418702 80.419067 
 0.047000 2.418702 2.418702 2.418702 80.419067 
 0.047083 2.429509 2.429509 2.429509 64.837936 
 0.047167 2.429509 2.429509 2.429509 64.837936 
 0.047250 2.442862 2.442862 2.442862 80.120087 
 0.047333 2.442862 2.442862 2.442862 80.120087 
 0.047417 2.455690 2.455690 2.455690 76.967239 
 0.047500 2.455690 2.455690 2.455690 76.967239 
 0.047583 2.466947 2.466947 2.466947 67.540169 
 0.047667 2.466947 2.466947 2.466947 67.540169 
 0.047750 2.480314 2.480314 2.480314 80.203056 
 0.047833 2.480314 2.480314 2.480314 80.203056 
 0.047917 2.491844 2.491844 2.491844 69.180969 
 0.048000 2.491844 2.491844 2.491844 69.180969 
 0.048083 2.504076 2.504076 2.504076 73.389526 
 0.048167 2.504076 2.504076 2.504076 73.389526 
 0.048250 2.515834 2.515834 2.515834 70.552826 
 0.048333 2.515834 2.515834 2.515834 70.552826 
 0.048417 2.528624 2.528624 2.528624 76.736923 
 0.048500 2.528624 2.528624 2.528624 76.736923 
 0.048583 2.539292 2.539292 2.539292 64.008240 
 0.048667 2.539292 2.539292 2.539292 64.008240 
 0.048750 2.552027 2.552027 2.552027 76.409340 
 0.048833 2.552027 2.552027 2.552027 76.409340 
 0.048917 2.565354 2.565354 2.565354 79.965591 
 0.049000 2.565354 2.565354 2.565354 79.965591 
 0.049083 2.575948 2.575948 2.575948 63.560486 
 0.049167 2.575948 2.575948 2.575948 63.560486 
 0.049250 2.588181 2.588181 2.588181 73.402405 
 0.049333 2.588181 2.588181 2.588181 73.402405 
 0.049417 2.600384 2.600384 2.600384 73.217865 
 0.049500 2.600384 2.600384 2.600384 73.217865 
 0.049583 2.611799 2.611799 2.611799 68.484306 
 0.049667 2.611799 2.611799 2.611799 68.484306 
 0.049750 2.624227 2.624227 2.624227 74.568268 
 0.049833 2.624227 2.624227 2.624227 74.568268 
 0.049917 2.635041 2.635041 2.635041 64.886566 
 0.050000 2.635041 2.635041 2.635041 64.886566 
 0.050083 2.647058 2.647058 2.647058 72.103500 
 0.050167 2.647058 2.647058 2.647058 72.103500 
 0.050250 2.658755 2.658755 2.658755 70.178032 
 0.050333 2.658755 2.658755 2.658755 70.178032 
 0.050417 2.671080 2.671080 2.671080 73.950287 
 0.050500 2.671080 2.671080 2.671080 73.950287 
 0.050583 2.682379 2.682379 2.682379 67.797661 
 0.050667 2.682379 2.682379 2.682379 67.797661 
 0.050750 2.694645 2.694645 2.694645 73.595520 
 0.050833 2.694645 2.694645 2.694645 73.595520 
 0.050917 2.705890 2.705890 2.705890 67.467209 
 0.051000 2.705890 2.705890 2.705890 67.467209 
 0.051083 2.718757 2.718757 2.718757 77.206131 
 0.051167 2.718757 2.718757 2.718757 77.206131 
 0.051250 2.728668 2.728668 2.728668 59.463501 
 0.051333 2.728668 2.728668 2.728668 59.463501 
 0.051417 2.741474 2.741474 2.741474 76.834198 
 0.051500 2.741474 2.741474 2.741474 76.834198 
 0.051583 2.752993 2.752993 2.752993 69.118027 
 0.051667 2.752993 2.752993 2.752993 69.118027 
 0.051750 2.764222 2.764222 2.764222 67.369934 
 0.051833 2.764222 2.764222 2.764222 67.369934 
 0.051917 2.775019 2.775019 2.775019 64.783569 
 0.052000 2.775019 2.775019 2.775019 64.783569 
 0.052083 2.787421 2.787421 2.787421 74.410919 
 0.052167 2.787421 2.787421 2.787421 74.410919 
 0.052250 2.798596 2.798596 2.798596 67.052368 
 0.052333 2.798596 2.798596 2.798596 67.052368 
 0.052417 2.810450 2.810450 2.810450 71.123596 
 0.052500 2.810450 2.810450 2.810450 71.123596 
 0.052583 2.822750 2.822750 2.822750 73.801514 
 0.052667 2.822750 2.822750 2.822750 73.801514 
 0.052750 2.832241 2.832241 2.832241 56.945801 
 0.052833 2.832241 2.832241 2.832241 56.945801 
 0.052917 2.844244 2.844244 2.844244 72.016235 
 0.053000 2.844244 2.844244 2.844244 72.016235 
 0.053083 2.855300 2.855300 2.855300 66.338539 
 0.053167 2.855300 2.855300 2.855300 66.338539 
 0.053250 2.867534 2.867534 2.867534 73.402405 
 0.053333 2.867534 2.867534 2.867534 73.402405 
 0.053417 2.879055 2.879055 2.879055 69.122314 
 0.053500 2.879055 2.879055 2.879055 69.122314 
 0.053583 2.889148 2.889148 2.889148 60.559273 
 0.053667 2.889148 2.889148 2.889148 60.559273 
 0.053750 2.901338 2.901338 2.901338 73.142052 
 0.053833 2.901338 2.901338 2.901338 73.142052 
 0.053917 2.912258 2.912258 2.912258 65.520287 
 0.054000 2.912258 2.912258 2.912258 65.520287 
 0.054083 2.924240 2.924240 2.924240 71.890350 
 0.054167 2.924240 2.924240 2.924240 71.890350 
 0.054250 2.934231 2.934231 2.934231 59.947014 
 0.054333 2.934231 2.934231 2.934231 59.947014 
 0.054417 2.944901 2.944901 2.944901 64.016815 
 0.054500 2.944901 2.944901 2.944901 64.016815 
 0.054583 2.957404 2.957404 2.957404 75.021744 
 0.054667 2.957404 2.957404 2.957404 75.021744 
 0.054750 2.967770 2.967770 2.967770 62.195778 
 0.054833 2.967770 2.967770 2.967770 62.195778 
 0.054917 2.978364 2.978364 2.978364 63.560486 
 0.055000 2.978364 2.978364 2.978364 63.560486 
 0.055083 2.990234 2.990234 2.990234 71.220871 
 0.055167 2.990234 2.990234 2.990234 71.220871 
 0.055250 3.001262 3.001262 3.001262 66.172600 
 0.055333 3.001262 3.001262 3.001262 66.172600 
 0.055417 3.012370 3.012370 3.012370 66.647530 
 0.055500 3.012370 3.012370 3.012370 66.647530 
 0.055583 3.022646 3.022646 3.022646 61.652184 
 0.055667 3.022646 3.022646 3.022646 61.652184 
 0.055750 3.033694 3.033694 3.033694 66.291336 
 0.055833 3.033694 3.033694 3.033694 66.291336 
 0.055917 3.045282 3.045282 3.045282 69.524292 
 0.056000 3.045282 3.045282 3.045282 69.524292 
 0.056083 3.055430 3.055430 3.055430 60.891151 
 0.056167 3.055430 3.055430 3.055430 60.891151 
 0.056250 3.066283 3.066283 3.066283 65.115448 
 0.056333 3.066283 3.066283 3.066283 65.115448 
 0.056417 3.077168 3.077168 3.077168 65.312866 
 0.056500 3.077168 3.077168 3.077168 65.312866 
 0.056583 3.087984 3.087984 3.087984 64.893723 
 0.056667 3.087984 3.087984 3.087984 64.893723 
 0.056750 3.098781 3.098781 3.098781 64.782143 
 0.056833 3.098781 3.098781 3.098781 64.782143 
 0.056917 3.109557 3.109557 3.109557 64.656258 
 0.057000 3.109557 3.109557 3.109557 64.656258 
 0.057083 3.121023 3.121023 3.121023 68.799019 
 0.057167 3.121023 3.121023 3.121023 68.799019 
 0.057250 3.131029 3.131029 3.131029 60.032845 
 0.057333 3.131029 3.131029 3.131029 60.032845 
 0.057417 -3.141450 -3.141450 -3.141450 -37634.875000 
 0.057500 -3.141450 -3.141450 -3.141450 -37634.875000 
 0.057583 -3.130054 -3.130054 -3.130054 68.374161 
 0.057667 -3.130054 -3.130054 -3.130054 68.374161 
 0.057750 -3.120085 -3.120085 -3.120085 59.813976 
 0.057833 -3.120085 -3.120085 -3.120085 59.813976 
 0.057917 -3.109432 -3.109432 -3.109432 63.920975 
 0.058000 -3.109432 -3.109432 -3.109432 63.920975 
 0.058083 -3.099511 -3.099511 -3.099511 59.526443 
 0.058167 -3.099511 -3.099511 -3.099511 59.526443 
 0.058250 -3.088866 -3.088866 -3.088866 63.868046 
 0.058333 -3.088866 -3.088866 -3.088866 63.868046 
 0.058417 -3.078233 -3.078233 -3.078233 63.797951 
 0.058500 -3.078233 -3.078233 -3.078233 63.797951 
 0.058583 -3.066960 -3.066960 -3.066960 67.638870 
 0.058667 -3.066960 -3.066960 -3.066960 67.638870 
 0.058750 -3.057012 -3.057012 -3.057012 59.685230 
 0.058833 -3.057012 -3.057012 -3.057012 59.685230 
 0.058917 -3.046430 -3.046430 -3.046430 63.496113 
 0.059000 -3.046430 -3.046430 -3.046430 63.496113 
 0.059083 -3.037201 -3.037201 -3.037201 55.370808 
 0.059167 -3.037201 -3.037201 -3.037201 55.370808 
 0.059250 -3.025869 -3.025869 -3.025869 67.995071 
 0.059333 -3.025869 -3.025869 -3.025869 67.995071 
 0.059417 -3.015429 -3.015429 -3.015429 62.637806 
 0.059500 -3.015429 -3.015429 -3.015429 62.637806 
 0.059583 -3.006143 -3.006143 -3.006143 55.716991 
 0.059667 -3.006143 -3.006143 -3.006143 55.716991 
 0.059750 -2.994964 -2.994964 -2.994964 67.073822 
 0.059833 -2.994964 -2.994964 -2.994964 67.073822 
 0.059917 -2.984296 -2.984296 -2.984296 64.005371 
 0.060000 -2.984296 -2.984296 -2.984296 64.005371 
 0.060083 -2.974564 -2.974564 -2.974564 58.396339 
 0.060167 -2.974564 -2.974564 -2.974564 58.396339 
 0.060250 -2.964491 -2.964491 -2.964491 60.433388 
 0.060333 -2.964491 -2.964491 -2.964491 60.433388 
 0.060417 -2.953983 -2.953983 -2.953983 63.049793 
 0.060500 -2.953983 -2.953983 -2.953983 63.049793 
 0.060583 -2.944052 -2.944052 -2.944052 59.583664 
 0.060667 -2.944052 -2.944052 -2.944052 59.583664 
 0.060750 -2.933445 -2.933445 -2.933445 63.643456 
 0.060833 -2.933445 -2.933445 -2.933445 63.643456 
 0.060917 -2.923540 -2.923540 -2.923540 59.429169 
 0.061000 -2.923540 -2.923540 -2.923540 59.429169 
 0.061083 -2.913492 -2.913492 -2.913492 60.290337 
 0.061167 -2.913492 -2.913492 -2.913492 60.290337 
 0.061250 -2.903447 -2.903447 -2.903447 60.270309 
 0.061333 -2.903447 -2.903447 -2.903447 60.270309 
 0.061417 -2.892900 -2.892900 -2.892900 63.281536 
 0.061500 -2.892900 -2.892900 -2.892900 63.281536 
 0.061583 -2.883733 -2.883733 -2.883733 55.004597 
 0.061667 -2.883733 -2.883733 -2.883733 55.004597 
 0.061750 -2.874398 -2.874398 -2.874398 56.005955 
 0.061833 -2.874398 -2.874398 -2.874398 56.005955 
 0.061917 -2.863725 -2.863725 -2.863725 64.036850 
 0.062000 -2.863725 -2.863725 -2.863725 64.036850 
 0.062083 -2.853542 -2.853542 -2.853542 61.098576 
 0.062167 -2.853542 -2.853542 -2.853542 61.098576 
 0.062250 -2.843361 -2.843361 -2.843361 61.087132 
 0.062333 -2.843361 -2.843361 -2.843361 61.087132 
 0.062417 -2.834517 -2.834517 -2.834517 53.064823 
 0.062500 -2.834517 -2.834517 -2.834517 53.064823 
 0.062583 -2.823895 -2.823895 -2.823895 63.729286 
 0.062667 -2.823895 -2.823895 -2.823895 63.729286 
 0.062750 -2.813962 -2.813962 -2.813962 59.600830 
 0.062833 -2.813962 -2.813962 -2.813962 59.600830 
 0.062917 -2.803163 -2.803163 -2.803163 64.796448 
 0.063000 -2.803163 -2.803163 -2.803163 64.796448 
 0.063083 -2.795002 -2.795002 -2.795002 48.963547 
 0.063167 -2.795002 -2.795002 -2.795002 48.963547 
 0.063250 -2.784472 -2.784472 -2.784472 63.181400 
 0.063333 -2.784472 -2.784472 -2.784472 63.181400 
 0.063417 -2.774127 -2.774127 -2.774127 62.071323 
 0.063500 -2.774127 -2.774127 -2.774127 62.071323 
 0.063583 -2.764689 -2.764689 -2.764689 56.622505 
 0.063667 -2.764689 -2.764689 -2.764689 56.622505 
 0.063750 -2.755266 -2.755266 -2.755266 56.538105 
 0.063833 -2.755266 -2.755266 -2.755266 56.538105 
 0.063917 -2.745591 -2.745591 -2.745591 58.051586 
 0.064000 -2.745591 -2.745591 -2.745591 58.051586 
 0.064083 -2.735647 -2.735647 -2.735647 59.665203 
 0.064167 -2.735647 -2.735647 -2.735647 59.665203 
 0.064250 -2.725904 -2.725904 -2.725904 58.459282 
 0.064333 -2.725904 -2.725904 -2.725904 58.459282 
 0.064417 -2.715054 -2.715054 -2.715054 65.096855 
 0.064500 -2.715054 -2.715054 -2.715054 65.096855 
 0.064583 -2.706040 -2.706040 -2.706040 54.083347 
 0.064667 -2.706040 -2.706040 -2.706040 54.083347 
 0.064750 -2.695782 -2.695782 -2.695782 61.549187 
 0.064833 -2.695782 -2.695782 -2.695782 61.549187 
 0.064917 -2.686789 -2.686789 -2.686789 53.958893 
 0.065000 -2.686789 -2.686789 -2.686789 53.958893 
 0.065083 -2.677496 -2.677496 -2.677496 55.758476 
 0.065167 -2.677496 -2.677496 -2.677496 55.758476 
 0.065250 -2.667287 -2.667287 -2.667287 61.254501 
 0.065333 -2.667287 -2.667287 -2.667287 61.254501 
 0.065417 -2.658329 -2.658329 -2.658329 53.750038 
 0.065500 -2.658329 -2.658329 -2.658329 53.750038 
 0.065583 -2.649058 -2.649058 -2.649058 55.624008 
 0.065667 -2.649058 -2.649058 -2.649058 55.624008 
 0.065750 -2.638521 -2.638521 -2.638521 63.222885 
 0.065833 -2.638521 -2.638521 -2.638521 63.222885 
 0.065917 -2.629254 -2.629254 -2.629254 55.599689 
 0.066000 -2.629254 -2.629254 -2.629254 55.599689 
 0.066083 -2.619397 -2.619397 -2.619397 59.143066 
 0.066167 -2.619397 -2.619397 -2.619397 59.143066 
 0.066250 -2.610152 -2.610152 -2.610152 55.468082 
 0.066333 -2.610152 -2.610152 -2.610152 55.468082 
 0.066417 -2.600564 -2.600564 -2.600564 57.530880 
 0.066500 -2.600564 -2.600564 -2.600564 57.530880 
 0.066583 -2.590977 -2.590977 -2.590977 57.518005 
 0.066667 -2.590977 -2.590977 -2.590977 57.518005 
 0.066750 -2.581178 -2.581178 -2.581178 58.796883 
 0.066833 -2.581178 -2.581178 -2.581178 58.796883 
 0.066917 -2.571820 -2.571820 -2.571820 56.150436 
 0.067000 -2.571820 -2.571820 -2.571820 56.150436 
 0.067083 -2.562251 -2.562251 -2.562251 57.410717 
 0.067167 -2.562251 -2.562251 -2.562251 57.410717 
 0.067250 -2.553074 -2.553074 -2.553074 55.060387 
 0.067333 -2.553074 -2.553074 -2.553074 55.060387 
 0.067417 -2.543144 -2.543144 -2.543144 59.580803 
 0.067500 -2.543144 -2.543144 -2.543144 59.580803 
 0.067583 -2.534913 -2.534913 -2.534913 49.389839 
 0.067667 -2.534913 -2.534913 -2.534913 49.389839 
 0.067750 -2.524812 -2.524812 -2.524812 60.600758 
 0.067833 -2.524812 -2.524812 -2.524812 60.600758 
 0.067917 -2.516255 -2.516255 -2.516255 51.345348 
 0.068000 -2.516255 -2.516255 -2.516255 51.345348 
 0.068083 -2.506493 -2.506493 -2.506493 58.570862 
 0.068167 -2.506493 -2.506493 -2.506493 58.570862 
 0.068250 -2.496172 -2.496172 -2.496172 61.926842 
 0.068333 -2.496172 -2.496172 -2.496172 61.926842 
 0.068417 -2.486689 -2.486689 -2.486689 56.897163 
 0.068500 -2.486689 -2.486689 -2.486689 56.897163 
 0.068583 -2.477770 -2.477770 -2.477770 53.515434 
 0.068667 -2.477770 -2.477770 -2.477770 53.515434 
 0.068750 -2.468656 -2.468656 -2.468656 54.681301 
 0.068833 -2.468656 -2.468656 -2.468656 54.681301 
 0.068917 -2.459214 -2.459214 -2.459214 56.651115 
 0.069000 -2.459214 -2.459214 -2.459214 56.651115 
 0.069083 -2.449453 -2.449453 -2.449453 58.569431 
 0.069167 -2.449453 -2.449453 -2.449453 58.569431 
 0.069250 -2.440660 -2.440660 -2.440660 52.754402 
 0.069333 -2.440660 -2.440660 -2.440660 52.754402 
 0.069417 -2.431424 -2.431424 -2.431424 55.416584 
 0.069500 -2.431424 -2.431424 -2.431424 55.416584 
 0.069583 -2.421668 -2.421668 -2.421668 58.539391 
 0.069667 -2.421668 -2.421668 -2.421668 58.539391 
 0.069750 -2.412887 -2.412887 -2.412887 52.684307 
 0.069833 -2.412887 -2.412887 -2.412887 52.684307 
 0.069917 -2.403145 -2.403145 -2.403145 58.450699 
 0.070000 -2.403145 -2.403145 -2.403145 58.450699 
 0.070083 -2.393378 -2.393378 -2.393378 58.605194 
 0.070167 -2.393378 -2.393378 -2.393378 58.605194 
 0.070250 -2.384192 -2.384192 -2.384192 55.114746 
 0.070333 -2.384192 -2.384192 -2.384192 55.114746 
 0.070417 -2.374974 -2.374974 -2.374974 55.306435 
 0.070500 -2.374974 -2.374974 -2.374974 55.306435 
 0.070583 -2.365283 -2.365283 -2.365283 58.150291 
 0.070667 -2.365283 -2.365283 -2.365283 58.150291 
 0.070750 -2.356073 -2.356073 -2.356073 55.254936 
 0.070833 -2.356073 -2.356073 -2.356073 55.254936 
 0.070917 -2.346864 -2.346864 -2.346864 55.253506 
 0.071000 -2.346864 -2.346864 -2.346864 55.253506 
 0.071083 -2.337648 -2.337648 -2.337648 55.297852 
 0.071167 -2.337648 -2.337648 -2.337648 55.297852 
 0.071250 -2.329396 -2.329396 -2.329396 49.515724 
 0.071333 -2.329396 -2.329396 -2.329396 49.515724 
 0.071417 -2.318769 -2.318769 -2.318769 63.757896 
 0.071500 -2.318769 -2.318769 -2.318769 63.757896 
 0.071583 -2.310060 -2.310060 -2.310060 52.255154 
 0.071667 -2.310060 -2.310060 -2.310060 52.255154 
 0.071750 -2.300848 -2.300848 -2.300848 55.273533 
 0.071833 -2.300848 -2.300848 -2.300848 55.273533 
 0.071917 -2.291184 -2.291184 -2.291184 57.980061 
 0.072000 -2.291184 -2.291184 -2.291184 57.980061 
 0.072083 -2.282426 -2.282426 -2.282426 52.548409 
 0.072167 -2.282426 -2.282426 -2.282426 52.548409 
 0.072250 -2.272255 -2.272255 -2.272255 61.025620 
 0.072333 -2.272255 -2.272255 -2.272255 61.025620 
 0.072417 -2.263493 -2.263493 -2.263493 52.577019 
 0.072500 -2.263493 -2.263493 -2.263493 52.577019 
 0.072583 -2.255496 -2.255496 -2.255496 47.982216 
 0.072667 -2.255496 -2.255496 -2.255496 47.982216 
 0.072750 -2.245532 -2.245532 -2.245532 59.781075 
 0.072833 -2.245532 -2.245532 -2.245532 59.781075 
 0.072917 -2.235693 -2.235693 -2.235693 59.037209 
 0.073000 -2.235693 -2.235693 -2.235693 59.037209 
 0.073083 -2.226632 -2.226632 -2.226632 54.365158 
 0.073167 -2.226632 -2.226632 -2.226632 54.365158 
 0.073250 -2.217334 -2.217334 -2.217334 55.787086 
 0.073333 -2.217334 -2.217334 -2.217334 55.787086 
 0.073417 -2.208440 -2.208440 -2.208440 53.363800 
 0.073500 -2.208440 -2.208440 -2.208440 53.363800 
 0.073583 -2.199132 -2.199132 -2.199132 55.844307 
 0.073667 -2.199132 -2.199132 -2.199132 55.844307 
 0.073750 -2.189825 -2.189825 -2.189825 55.845737 
 0.073833 -2.189825 -2.189825 -2.189825 55.845737 
 0.073917 -2.179566 -2.179566 -2.179566 61.550617 
 0.074000 -2.179566 -2.179566 -2.179566 61.550617 
 0.074083 -2.171603 -2.171603 -2.171603 47.779083 
 0.074167 -2.171603 -2.171603 -2.171603 47.779083 
 0.074250 -2.162496 -2.162496 -2.162496 54.645538 
 0.074333 -2.162496 -2.162496 -2.162496 54.645538 
 0.074417 -2.152628 -2.152628 -2.152628 59.206009 
 0.074500 -2.152628 -2.152628 -2.152628 59.206009 
 0.074583 -2.143882 -2.143882 -2.143882 52.474022 
 0.074667 -2.143882 -2.143882 -2.143882 52.474022 
 0.074750 -2.134011 -2.134011 -2.134011 59.228897 
 0.074833 -2.134011 -2.134011 -2.134011 59.228897 
 0.074917 -2.124864 -2.124864 -2.124864 54.880142 
 0.075000 -2.124864 -2.124864 -2.124864 54.880142 
 0.075083 -2.116038 -2.116038 -2.116038 52.954674 
 0.075167 -2.116038 -2.116038 -2.116038 52.954674 
 0.075250 -2.106656 -2.106656 -2.106656 56.296349 
 0.075333 -2.106656 -2.106656 -2.106656 56.296349 
 0.075417 -2.096707 -2.096707 -2.096707 59.689522 
 0.075500 -2.096707 -2.096707 -2.096707 59.689522 
 0.075583 -2.089166 -2.089166 -2.089166 45.249939 
 0.075667 -2.089166 -2.089166 -2.089166 45.249939 
 0.075750 -2.079062 -2.079062 -2.079062 60.623646 
 0.075833 -2.079062 -2.079062 -2.079062 60.623646 
 0.075917 -2.070485 -2.070485 -2.070485 51.462650 
 0.076000 -2.070485 -2.070485 -2.070485 51.462650 
 0.076083 -2.061304 -2.061304 -2.061304 55.086136 
 0.076167 -2.061304 -2.061304 -2.061304 55.086136 
 0.076250 -2.052118 -2.052118 -2.052118 55.114746 
 0.076333 -2.052118 -2.052118 -2.052118 55.114746 
 0.076417 -2.042916 -2.042916 -2.042916 55.209160 
 0.076500 -2.042916 -2.042916 -2.042916 55.209160 
 0.076583 -2.033740 -2.033740 -2.033740 55.060387 
 0.076667 -2.033740 -2.033740 -2.033740 55.060387 
 0.076750 -2.024234 -2.024234 -2.024234 57.034492 
 0.076833 -2.024234 -2.024234 -2.024234 57.034492 
 0.076917 -2.016274 -2.016274 -2.016274 47.756195 
 0.077000 -2.016274 -2.016274 -2.016274 47.756195 
 0.077083 -2.006465 -2.006465 -2.006465 58.854103 
 0.077167 -2.006465 -2.006465 -2.006465 58.854103 
 0.077250 -1.997903 -1.997903 -1.997903 51.376106 
 0.077333 -1.997903 -1.997903 -1.997903 51.376106 
 0.077417 -1.988377 -1.988377 -1.988377 57.152512 
 0.077500 -1.988377 -1.988377 -1.988377 57.152512 
 0.077583 -1.979472 -1.979472 -1.979472 53.433895 
 0.077667 -1.979472 -1.979472 -1.979472 53.433895 
 0.077750 -1.970831 -1.970831 -1.970831 51.846741 
 0.077833 -1.970831 -1.970831 -1.970831 51.846741 
 0.077917 -1.961021 -1.961021 -1.961021 58.856247 
 0.078000 -1.961021 -1.961021 -1.961021 58.856247 
 0.078083 -1.951730 -1.951730 -1.951730 55.749893 
 0.078167 -1.951730 -1.951730 -1.951730 55.749893 
 0.078250 -1.942814 -1.942814 -1.942814 53.496124 
 0.078333 -1.942814 -1.942814 -1.942814 53.496124 
 0.078417 -1.933503 -1.933503 -1.933503 55.860756 
 0.078500 -1.933503 -1.933503 -1.933503 55.860756 
 0.078583 -1.924182 -1.924182 -1.924182 55.928707 
 0.078667 -1.924182 -1.924182 -1.924182 55.928707 
 0.078750 -1.915266 -1.915266 -1.915266 53.498268 
 0.078833 -1.915266 -1.915266 -1.915266 53.498268 
 0.078917 -1.906810 -1.906810 -1.906810 50.734520 
 0.079000 -1.906810 -1.906810 -1.906810 50.734520 
 0.079083 -1.897679 -1.897679 -1.897679 54.786446 
 0.079167 -1.897679 -1.897679 -1.897679 54.786446 
 0.079250 -1.887909 -1.887909 -1.887909 58.616638 
 0.079333 -1.887909 -1.887909 -1.887909 58.616638 
 0.079417 -1.879221 -1.879221 -1.879221 52.129269 
 0.079500 -1.879221 -1.879221 -1.879221 52.129269 
 0.079583 -1.870081 -1.870081 -1.870081 54.839371 
 0.079667 -1.870081 -1.870081 -1.870081 54.839371 
 0.079750 -1.860929 -1.860929 -1.860929 54.912331 
 0.079833 -1.860929 -1.860929 -1.860929 54.912331 
 0.079917 -1.852236 -1.852236 -1.852236 52.157166 
 0.080000 -1.852236 -1.852236 -1.852236 52.157166 
 0.080083 -1.843073 -1.843073 -1.843073 54.982422 
 0.080167 -1.843073 -1.843073 -1.843073 54.982422 
 0.080250 -1.833901 -1.833901 -1.833901 55.028915 
 0.080333 -1.833901 -1.833901 -1.833901 55.028915 
 0.080417 -1.823390 -1.823390 -1.823390 63.063385 
 0.080500 -1.823390 -1.823390 -1.823390 63.063385 
 0.080583 -1.815541 -1.815541 -1.815541 47.095299 
 0.080667 -1.815541 -1.815541 -1.815541 47.095299 
 0.080750 -1.806356 -1.806356 -1.806356 55.111168 
 0.080833 -1.806356 -1.806356 -1.806356 55.111168 
 0.080917 -1.797840 -1.797840 -1.797840 51.094292 
 0.081000 -1.797840 -1.797840 -1.797840 51.094292 
 0.081083 -1.789477 -1.789477 -1.789477 50.182343 
 0.081167 -1.789477 -1.789477 -1.789477 50.182343 
 0.081250 -1.779083 -1.779083 -1.779083 62.363861 
 0.081333 -1.779083 -1.779083 -1.779083 62.363861 
 0.081417 -1.770838 -1.770838 -1.770838 49.469231 
 0.081500 -1.770838 -1.770838 -1.770838 49.469231 
 0.081583 -1.761637 -1.761637 -1.761637 55.206299 
 0.081667 -1.761637 -1.761637 -1.761637 55.206299 
 0.081750 -1.752691 -1.752691 -1.752691 53.672791 
 0.081833 -1.752691 -1.752691 -1.752691 53.672791 
 0.081917 -1.744052 -1.744052 -1.744052 51.833870 
 0.082000 -1.744052 -1.744052 -1.744052 51.833870 
 0.082083 -1.733844 -1.733844 -1.733844 61.250923 
 0.082167 -1.733844 -1.733844 -1.733844 61.250923 
 0.082250 -1.725652 -1.725652 -1.725652 49.149513 
 0.082333 -1.725652 -1.725652 -1.725652 49.149513 
 0.082417 -1.717036 -1.717036 -1.717036 51.698685 
 0.082500 -1.717036 -1.717036 -1.717036 51.698685 
 0.082583 -1.708046 -1.708046 -1.708046 53.941010 
 0.082667 -1.708046 -1.708046 -1.708046 53.941010 
 0.082750 -1.699731 -1.699731 -1.699731 49.885513 
 0.082833 -1.699731 -1.699731 -1.699731 49.885513 
 0.082917 -1.690890 -1.690890 -1.690890 53.049805 
 0.083000 -1.690890 -1.690890 -1.690890 53.049805 
 0.083083 -1.681633 -1.681633 -1.681633 55.539608 
 0.083167 -1.681633 -1.681633 -1.681633 55.539608 
 0.083250 -1.672690 -1.672690 -1.672690 53.659916 