0.000000 0.242861 0.242861 0.242861 -1.162291 
 0.000083 0.242272 0.242272 0.242272 -3.529340 
 0.000167 0.242272 0.242272 0.242272 -3.529340 
 0.000250 0.242272 0.242272 0.242272 0.000000 
 0.000333 0.242272 0.242272 0.242272 0.000000 
 0.000417 0.242272 0.242272 0.242272 0.000000 
 0.000500 0.242272 0.242272 0.242272 0.000000 
 0.000583 0.242272 0.242272 0.242272 0.000000 
 0.000667 0.242272 0.242272 0.242272 0.000000 
 0.000750 0.243248 0.243248 0.243248 5.855620 
 0.000833 0.243248 0.243248 0.243248 5.855620 
 0.000917 0.243248 0.243248 0.243248 0.000000 
 0.001000 0.243248 0.243248 0.243248 0.000000 
 0.001083 0.243248 0.243248 0.243248 0.000000 
 0.001167 0.243248 0.243248 0.243248 0.000000 
 0.001250 0.243836 0.243836 0.243836 3.525764 
 0.001333 0.243836 0.243836 0.243836 3.525764 
 0.001417 0.244031 0.244031 0.244031 1.167476 
 0.001500 0.244031 0.244031 0.244031 1.167476 
 0.001583 0.244813 0.244813 0.244813 4.691273 
 0.001667 0.244813 0.244813 0.244813 4.691273 
 0.001750 0.247353 0.247353 0.247353 15.245944 
 0.001833 0.247353 0.247353 0.247353 15.245944 
 0.001917 0.245790 0.245790 0.245790 -9.380311 
 0.002000 0.245790 0.245790 0.245790 -9.380311 
 0.002083 0.245790 0.245790 0.245790 0.000000 
 0.002167 0.245790 0.245790 0.245790 0.000000 
 0.002250 0.248135 0.248135 0.248135 14.067739 
 0.002333 0.248135 0.248135 0.248135 14.067739 
 0.002417 0.248135 0.248135 0.248135 0.000000 
 0.002500 0.248135 0.248135 0.248135 0.000000 
 0.002583 0.249114 0.249114 0.249114 5.877346 
 0.002667 0.249114 0.249114 0.249114 5.877346 
 0.002750 0.249895 0.249895 0.249895 4.687250 
 0.002833 0.249895 0.249895 0.249895 4.687250 
 0.002917 0.250676 0.250676 0.250676 4.685193 
 0.003000 0.250676 0.250676 0.250676 4.685193 
 0.003083 0.252237 0.252237 0.252237 9.365023 
 0.003167 0.252237 0.252237 0.252237 9.365023 
 0.003250 0.252640 0.252640 0.252640 2.416492 
 0.003333 0.252640 0.252640 0.252640 2.416492 
 0.003417 0.253999 0.253999 0.253999 8.154810 
 0.003500 0.253999 0.253999 0.253999 8.154810 
 0.003583 0.254982 0.254982 0.254982 5.898714 
 0.003667 0.254982 0.254982 0.254982 5.898714 
 0.003750 0.256542 0.256542 0.256542 9.359657 
 0.003833 0.256542 0.256542 0.256542 9.359657 
 0.003917 0.258513 0.258513 0.258513 11.823535 
 0.004000 0.258513 0.258513 0.258513 11.823535 
 0.004083 0.259086 0.259086 0.259086 3.439665 
 0.004167 0.259086 0.259086 0.259086 3.439665 
 0.004250 0.260280 0.260280 0.260280 7.163644 
 0.004333 0.260280 0.260280 0.260280 7.163644 
 0.004417 0.262619 0.262619 0.262619 14.032602 
 0.004500 0.262619 0.262619 0.262619 14.032602 
 0.004583 0.263966 0.263966 0.263966 8.082390 
 0.004667 0.263966 0.263966 0.263966 8.082390 
 0.004750 0.265732 0.265732 0.265732 10.599554 
 0.004833 0.265732 0.265732 0.265732 10.599554 
 0.004917 0.267500 0.267500 0.267500 10.607243 
 0.005000 0.267500 0.267500 0.267500 10.607243 
 0.005083 0.269484 0.269484 0.269484 11.903107 
 0.005167 0.269484 0.269484 0.269484 11.903107 
 0.005250 0.271817 0.271817 0.271817 13.997197 
 0.005333 0.271817 0.271817 0.271817 13.997197 
 0.005417 0.272811 0.272811 0.272811 5.965948 
 0.005500 0.272811 0.272811 0.272811 5.965948 
 0.005583 0.274584 0.274584 0.274584 10.636210 
 0.005667 0.274584 0.274584 0.274584 10.636210 
 0.005750 0.276358 0.276358 0.276358 10.643900 
 0.005833 0.276358 0.276358 0.276358 10.643900 
 0.005917 0.278688 0.278688 0.278688 13.978422 
 0.006000 0.278688 0.278688 0.278688 13.978422 
 0.006083 0.281014 0.281014 0.281014 13.959646 
 0.006167 0.281014 0.281014 0.281014 13.959646 
 0.006250 0.283014 0.283014 0.283014 11.997879 
 0.006333 0.283014 0.283014 0.283014 11.997879 
 0.006417 0.285018 0.285018 0.285018 12.024343 
 0.006500 0.285018 0.285018 0.285018 12.024343 
 0.006583 0.287344 0.287344 0.287344 13.955712 
 0.006667 0.287344 0.287344 0.287344 13.955712 
 0.006750 0.288578 0.288578 0.288578 7.405758 
 0.006833 0.288578 0.288578 0.288578 7.405758 
 0.006917 0.292684 0.292684 0.292684 24.636984 
 0.007000 0.292684 0.292684 0.292684 24.636984 
 0.007083 0.295006 0.295006 0.295006 13.926565 
 0.007167 0.295006 0.295006 0.295006 13.926565 
 0.007250 0.297323 0.297323 0.297323 13.907253 
 0.007333 0.297323 0.297323 0.297323 13.907253 
 0.007417 0.300354 0.300354 0.300354 18.184662 
 0.007500 0.300354 0.300354 0.300354 18.184662 
 0.007583 0.302670 0.302670 0.302670 13.896704 
 0.007667 0.302670 0.302670 0.302670 13.896704 
 0.007750 0.305226 0.305226 0.305226 15.332222 
 0.007833 0.305226 0.305226 0.305226 15.332222 
 0.007917 0.307781 0.307781 0.307781 15.334368 
 0.008000 0.307781 0.307781 0.307781 15.334368 
 0.008083 0.310832 0.310832 0.310832 18.301964 
 0.008167 0.310832 0.310832 0.310832 18.301964 
 0.008250 0.313912 0.313912 0.313912 18.479883 
 0.008333 0.313912 0.313912 0.313912 18.479883 
 0.008417 0.316469 0.316469 0.316469 15.344561 
 0.008500 0.316469 0.316469 0.316469 15.344561 
 0.008583 0.319281 0.319281 0.319281 16.868591 
 0.008667 0.319281 0.319281 0.319281 16.868591 
 0.008750 0.321840 0.321840 0.321840 15.357256 
 0.008833 0.321840 0.321840 0.321840 15.357256 
 0.008917 0.325425 0.325425 0.325425 21.511316 
 0.009000 0.325425 0.325425 0.325425 21.511316 
 0.009083 0.328753 0.328753 0.328753 19.963146 
 0.009167 0.328753 0.328753 0.328753 19.963146 
 0.009250 0.332342 0.332342 0.332342 21.536709 
 0.009333 0.332342 0.332342 0.332342 21.536709 
 0.009417 0.335668 0.335668 0.335668 19.955276 
 0.009500 0.335668 0.335668 0.335668 19.955276 
 0.009583 0.338228 0.338228 0.338228 15.361727 
 0.009667 0.338228 0.338228 0.338228 15.361727 
 0.009750 0.342094 0.342094 0.342094 23.195923 
 0.009833 0.342094 0.342094 0.342094 23.195923 
 0.009917 0.344931 0.344931 0.344931 17.022015 
 0.010000 0.344931 0.344931 0.344931 17.022015 
 0.010083 0.348258 0.348258 0.348258 19.962788 
 0.010167 0.348258 0.348258 0.348258 19.962788 
 0.010250 0.351583 0.351583 0.351583 19.948662 
 0.010333 0.351583 0.351583 0.351583 19.948662 
 0.010417 0.355947 0.355947 0.355947 26.186407 
 0.010500 0.355947 0.355947 0.355947 26.186407 
 0.010583 0.360313 0.360313 0.360313 26.192307 
 0.010667 0.360313 0.360313 0.360313 26.192307 
 0.010750 0.362875 0.362875 0.362875 15.372276 
 0.010833 0.362875 0.362875 0.362875 15.372276 
 0.010917 0.367241 0.367241 0.367241 26.195168 
 0.011000 0.367241 0.367241 0.367241 26.195168 
 0.011083 0.370851 0.370851 0.370851 21.663845 
 0.011167 0.370851 0.370851 0.370851 21.663845 
 0.011250 0.375517 0.375517 0.375517 27.992785 
 0.011333 0.375517 0.375517 0.375517 27.992785 
 0.011417 0.378534 0.378534 0.378534 18.102943 
 0.011500 0.378534 0.378534 0.378534 18.102943 
 0.011583 0.382754 0.382754 0.382754 25.318623 
 0.011667 0.382754 0.382754 0.382754 25.318623 
 0.011750 0.386821 0.386821 0.386821 24.405777 
 0.011833 0.386821 0.386821 0.386821 24.405777 
 0.011917 0.390751 0.390751 0.390751 23.575365 
 0.012000 0.390751 0.390751 0.390751 23.575365 
 0.012083 0.394375 0.394375 0.394375 21.748602 
 0.012167 0.394375 0.394375 0.394375 21.748602 
 0.012250 0.398751 0.398751 0.398751 26.253998 
 0.012333 0.398751 0.398751 0.398751 26.253998 
 0.012417 0.403873 0.403873 0.403873 30.732573 
 0.012500 0.403873 0.403873 0.403873 30.732573 
 0.012583 0.408668 0.408668 0.408668 28.771162 
 0.012667 0.408668 0.408668 0.408668 28.771162 
 0.012750 0.411453 0.411453 0.411453 16.710876 
 0.012833 0.411453 0.411453 0.411453 16.710876 
 0.012917 0.416574 0.416574 0.416574 30.721128 
 0.013000 0.416574 0.416574 0.416574 30.721128 
 0.013083 0.420126 0.420126 0.420126 21.315516 
 0.013167 0.420126 0.420126 0.420126 21.315516 
 0.013250 0.425250 0.425250 0.425250 30.741156 
 0.013333 0.425250 0.425250 0.425250 30.741156 
 0.013417 0.430368 0.430368 0.430368 30.708075 
 0.013500 0.430368 0.430368 0.430368 30.708075 
 0.013583 0.434005 0.434005 0.434005 21.820843 
 0.013667 0.434005 0.434005 0.434005 21.820843 
 0.013750 0.438725 0.438725 0.438725 28.320194 
 0.013833 0.438725 0.438725 0.438725 28.320194 
 0.013917 0.443449 0.443449 0.443449 28.347374 
 0.014000 0.443449 0.443449 0.443449 28.347374 
 0.014083 0.448912 0.448912 0.448912 32.778023 
 0.014167 0.448912 0.448912 0.448912 32.778023 
 0.014250 0.453287 0.453287 0.453287 26.248991 
 0.014333 0.453287 0.453287 0.453287 26.248991 
 0.014417 0.458749 0.458749 0.458749 32.774269 
 0.014500 0.458749 0.458749 0.458749 32.774269 
 0.014583 0.463484 0.463484 0.463484 28.405487 
 0.014667 0.463484 0.463484 0.463484 28.405487 
 0.014750 0.467854 0.467854 0.467854 26.220917 
 0.014833 0.467854 0.467854 0.467854 26.220917 
 0.014917 0.473334 0.473334 0.473334 32.880306 
 0.015000 0.473334 0.473334 0.473334 32.880306 
 0.015083 0.477706 0.477706 0.477706 26.234150 
 0.015167 0.477706 0.477706 0.477706 26.234150 
 0.015250 0.484998 0.484998 0.484998 43.751480 
 0.015333 0.484998 0.484998 0.484998 43.751480 
 0.015417 0.489026 0.489026 0.489026 24.168850 
 0.015500 0.489026 0.489026 0.489026 24.168850 
 0.015583 0.493392 0.493392 0.493392 26.193024 
 0.015667 0.493392 0.493392 0.493392 26.193024 
 0.015750 0.498923 0.498923 0.498923 33.187328 
 0.015833 0.498923 0.498923 0.498923 33.187328 
 0.015917 0.506222 0.506222 0.506222 43.794750 
 0.016000 0.506222 0.506222 0.506222 43.794750 
 0.016083 0.510895 0.510895 0.510895 28.038025 
 0.016167 0.510895 0.510895 0.510895 28.038025 
 0.016250 0.515742 0.515742 0.515742 29.081583 
 0.016333 0.515742 0.515742 0.515742 29.081583 
 0.016417 0.521212 0.521212 0.521212 32.820938 
 0.016500 0.521212 0.521212 0.521212 32.820938 
 0.016583 0.526794 0.526794 0.526794 33.491493 
 0.016667 0.526794 0.526794 0.526794 33.491493 
 0.016750 0.532267 0.532267 0.532267 32.837032 
 0.016833 0.532267 0.532267 0.532267 32.837032 
 0.016917 0.537736 0.537736 0.537736 32.812714 
 0.017000 0.537736 0.537736 0.537736 32.812714 
 0.017083 0.544046 0.544046 0.544046 37.859558 
 0.017167 0.544046 0.544046 0.544046 37.859558 
 0.017250 0.549513 0.549513 0.549513 32.801270 
 0.017333 0.549513 0.549513 0.549513 32.801270 
 0.017417 0.555405 0.555405 0.555405 35.355091 
 0.017500 0.555405 0.555405 0.555405 35.355091 
 0.017583 0.561300 0.561300 0.561300 35.369038 
 0.017667 0.561300 0.561300 0.561300 35.369038 
 0.017750 0.567197 0.567197 0.567197 35.380127 
 0.017833 0.567197 0.567197 0.567197 35.380127 
 0.017917 0.574226 0.574226 0.574226 42.176483 
 0.018000 0.574226 0.574226 0.574226 42.176483 
 0.018083 0.579654 0.579654 0.579654 32.566666 
 0.018167 0.579654 0.579654 0.579654 32.566666 
 0.018250 0.585346 0.585346 0.585346 34.151672 
 0.018333 0.585346 0.585346 0.585346 34.151672 
 0.018417 0.591706 0.591706 0.591706 38.164257 
 0.018500 0.591706 0.591706 0.591706 38.164257 
 0.018583 0.597614 0.597614 0.597614 35.447002 
 0.018667 0.597614 0.597614 0.597614 35.447002 
 0.018750 0.604453 0.604453 0.604453 41.029572 
 0.018833 0.604453 0.604453 0.604453 41.029572 
 0.018917 0.610366 0.610366 0.610366 35.483479 
 0.019000 0.610366 0.610366 0.610366 35.483479 
 0.019083 0.616948 0.616948 0.616948 39.487122 
 0.019167 0.616948 0.616948 0.616948 39.487122 
 0.019250 0.623042 0.623042 0.623042 36.568878 
 0.019333 0.623042 0.623042 0.623042 36.568878 
 0.019417 0.629242 0.629242 0.629242 37.199020 
 0.019500 0.629242 0.629242 0.629242 37.199020 
 0.019583 0.636122 0.636122 0.636122 41.279556 
 0.019667 0.636122 0.636122 0.636122 41.279556 
 0.019750 0.642689 0.642689 0.642689 39.401291 
 0.019833 0.642689 0.642689 0.642689 39.401291 
 0.019917 0.649088 0.649088 0.649088 38.393139 
 0.020000 0.649088 0.649088 0.649088 38.393139 
 0.020083 0.655491 0.655491 0.655491 38.415314 
 0.020167 0.655491 0.655491 0.655491 38.415314 
 0.020250 0.663048 0.663048 0.663048 45.346855 
 0.020333 0.663048 0.663048 0.663048 45.346855 
 0.020417 0.671386 0.671386 0.671386 50.028919 
 0.020500 0.671386 0.671386 0.671386 50.028919 
 0.020583 0.675869 0.675869 0.675869 26.897907 
 0.020667 0.675869 0.675869 0.675869 26.897907 
 0.020750 0.682920 0.682920 0.682920 42.302013 
 0.020833 0.682920 0.682920 0.682920 42.302013 
 0.020917 0.689742 0.689742 0.689742 40.934086 
 0.021000 0.689742 0.689742 0.689742 40.934086 
 0.021083 0.698055 0.698055 0.698055 49.877285 
 0.021167 0.698055 0.698055 0.698055 49.877285 
 0.021250 0.705093 0.705093 0.705093 42.225838 
 0.021333 0.705093 0.705093 0.705093 42.225838 
 0.021417 0.711415 0.711415 0.711415 37.934662 
 0.021500 0.711415 0.711415 0.711415 37.934662 
 0.021583 0.718370 0.718370 0.718370 41.729450 
 0.021667 0.718370 0.718370 0.718370 41.729450 
 0.021750 0.725331 0.725331 0.725331 41.767715 
 0.021833 0.725331 0.725331 0.725331 41.767715 
 0.021917 0.731686 0.731686 0.731686 38.130283 
 0.022000 0.731686 0.731686 0.731686 38.130283 
 0.022083 0.739271 0.739271 0.739271 45.506359 
 0.022167 0.739271 0.739271 0.739271 45.506359 
 0.022250 0.746852 0.746852 0.746852 45.484901 
 0.022333 0.746852 0.746852 0.746852 45.484901 
 0.022417 0.755591 0.755591 0.755591 52.433968 
 0.022500 0.755591 0.755591 0.755591 52.433968 
 0.022583 0.761999 0.761999 0.761999 38.452148 
 0.022667 0.761999 0.761999 0.761999 38.452148 
 0.022750 0.769546 0.769546 0.769546 45.279621 
 0.022833 0.769546 0.769546 0.769546 45.279621 
 0.022917 0.777113 0.777113 0.777113 45.401215 
 0.023000 0.777113 0.777113 0.777113 45.401215 
 0.023083 0.784669 0.784669 0.784669 45.338989 
 0.023167 0.784669 0.784669 0.784669 45.338989 
 0.023250 0.791652 0.791652 0.791652 41.898609 
 0.023333 0.791652 0.791652 0.791652 41.898609 
 0.023417 0.799813 0.799813 0.799813 48.964977 
 0.023500 0.799813 0.799813 0.799813 48.964977 
 0.023583 0.807965 0.807965 0.807965 48.909904 
 0.023667 0.807965 0.807965 0.807965 48.909904 
 0.023750 0.816113 0.816113 0.816113 48.891663 
 0.023833 0.816113 0.816113 0.816113 48.891663 
 0.023917 0.823654 0.823654 0.823654 45.244576 
 0.024000 0.823654 0.823654 0.823654 45.244576 
 0.024083 0.830680 0.830680 0.830680 42.155384 
 0.024167 0.830680 0.830680 0.830680 42.155384 
 0.024250 0.839369 0.839369 0.839369 52.133919 
 0.024333 0.839369 0.839369 0.839369 52.133919 
 0.024417 0.847641 0.847641 0.847641 49.630165 
 0.024500 0.847641 0.847641 0.847641 49.630165 
 0.024583 0.855238 0.855238 0.855238 45.583248 
 0.024667 0.855238 0.855238 0.855238 45.583248 
 0.024750 0.863372 0.863372 0.863372 48.801899 
 0.024833 0.863372 0.863372 0.863372 48.801899 
 0.024917 0.870434 0.870434 0.870434 42.374611 
 0.025000 0.870434 0.870434 0.870434 42.374611 
 0.025083 0.879301 0.879301 0.879301 53.199291 
 0.025167 0.879301 0.879301 0.879301 53.199291 
 0.025250 0.886904 0.886904 0.886904 45.617580 
 0.025333 0.886904 0.886904 0.886904 45.617580 
 0.025417 0.895663 0.895663 0.895663 52.555202 
 0.025500 0.895663 0.895663 0.895663 52.555202 
 0.025583 0.903768 0.903768 0.903768 48.629879 
 0.025667 0.903768 0.903768 0.903768 48.629879 
 0.025750 0.913812 0.913812 0.913812 60.264587 
 0.025833 0.913812 0.913812 0.913812 60.264587 
 0.025917 0.920898 0.920898 0.920898 42.519806 
 0.026000 0.920898 0.920898 0.920898 42.519806 
 0.026083 0.929309 0.929309 0.929309 50.463081 
 0.026167 0.929309 0.929309 0.929309 50.463081 
 0.026250 0.937562 0.937562 0.937562 49.516796 
 0.026333 0.937562 0.937562 0.937562 49.516796 
 0.026417 0.946777 0.946777 0.946777 55.293560 
 0.026500 0.946777 0.946777 0.946777 55.293560 
 0.026583 0.954539 0.954539 0.954539 46.567799 
 0.026667 0.954539 0.954539 0.954539 46.567799 
 0.026750 0.962984 0.962984 0.962984 50.672649 
 0.026833 0.962984 0.962984 0.962984 50.672649 
 0.026917 0.972374 0.972374 0.972374 56.342125 
 0.027000 0.972374 0.972374 0.972374 56.342125 
 0.027083 0.980837 0.980837 0.980837 50.772430 
 0.027167 0.980837 0.980837 0.980837 50.772430 
 0.027250 0.989527 0.989527 0.989527 52.145363 
 0.027333 0.989527 0.989527 0.989527 52.145363 
 0.027417 0.996408 0.996408 0.996408 41.283131 
 0.027500 0.996408 0.996408 0.996408 41.283131 
 0.027583 1.006917 1.006917 1.006917 63.053013 
 0.027667 1.006917 1.006917 1.006917 63.053013 
 0.027750 1.016267 1.016267 1.016267 56.101799 
 0.027833 1.016267 1.016267 1.016267 56.101799 
 0.027917 1.024744 1.024744 1.024744 50.860405 
 0.028000 1.024744 1.024744 1.024744 50.860405 
 0.028083 1.034356 1.034356 1.034356 57.673931 
 0.028167 1.034356 1.034356 1.034356 57.673931 
 0.028250 1.042129 1.042129 1.042129 46.635391 
 0.028333 1.042129 1.042129 1.042129 46.635391 
 0.028417 1.051328 1.051328 1.051328 55.196285 
 0.028500 1.051328 1.051328 1.051328 55.196285 
 0.028583 1.060940 1.060940 1.060940 57.668922 
 0.028667 1.060940 1.060940 1.060940 57.668922 
 0.028750 1.070545 1.070545 1.070545 57.634590 
 0.028833 1.070545 1.070545 1.070545 57.634590 
 0.028917 1.079029 1.079029 1.079029 50.900459 
 0.029000 1.079029 1.079029 1.079029 50.900459 
 0.029083 1.089352 1.089352 1.089352 61.938286 
 0.029167 1.089352 1.089352 1.089352 61.938286 
 0.029250 1.098937 1.098937 1.098937 57.513000 
 0.029333 1.098937 1.098937 1.098937 57.513000 
 0.029417 1.106302 1.106302 1.106302 44.187782 
 0.029500 1.106302 1.106302 1.106302 44.187782 
 0.029583 1.116609 1.116609 1.116609 61.840294 
 0.029667 1.116609 1.116609 1.116609 61.840294 
 0.029750 1.125844 1.125844 1.125844 55.410149 
 0.029833 1.125844 1.125844 1.125844 55.410149 
 0.029917 1.135406 1.135406 1.135406 57.372810 
 0.030000 1.135406 1.135406 1.135406 57.372810 
 0.030083 1.144608 1.144608 1.144608 55.215599 
 0.030167 1.144608 1.144608 1.144608 55.215599 
 0.030250 1.154224 1.154224 1.154224 57.696106 
 0.030333 1.154224 1.154224 1.154224 57.696106 
 0.030417 1.163749 1.163749 1.163749 57.146072 
 0.030500 1.163749 1.163749 1.163749 57.146072 
 0.030583 1.173370 1.173370 1.173370 57.729721 
 0.030667 1.173370 1.173370 1.173370 57.729721 
 0.030750 1.183312 1.183312 1.183312 59.651611 
 0.030833 1.183312 1.183312 1.183312 59.651611 
 0.030917 1.192943 1.192943 1.192943 57.783363 
 0.031000 1.192943 1.192943 1.192943 57.783363 
 0.031083 1.202875 1.202875 1.202875 59.593678 
 0.031167 1.202875 1.202875 1.202875 59.593678 
 0.031250 1.212507 1.212507 1.212507 57.794094 
 0.031333 1.212507 1.212507 1.212507 57.794094 
 0.031417 1.222703 1.222703 1.222703 61.172962 
 0.031500 1.222703 1.222703 1.222703 61.172962 
 0.031583 1.233097 1.233097 1.233097 62.366722 
 0.031667 1.233097 1.233097 1.233097 62.366722 
 0.031750 1.241939 1.241939 1.241939 53.050518 
 0.031833 1.241939 1.241939 1.241939 53.050518 
 0.031917 1.252333 1.252333 1.252333 62.362434 
 0.032000 1.252333 1.252333 1.252333 62.362434 
 0.032083 1.262975 1.262975 1.262975 63.850880 
 0.032167 1.262975 1.262975 1.262975 63.850880 
 0.032250 1.272813 1.272813 1.272813 59.029343 
 0.032333 1.272813 1.272813 1.272813 59.029343 
 0.032417 1.282946 1.282946 1.282946 60.800316 
 0.032500 1.282946 1.282946 1.282946 60.800316 
 0.032583 1.293878 1.293878 1.293878 65.589668 
 0.032667 1.293878 1.293878 1.293878 65.589668 
 0.032750 1.302881 1.302881 1.302881 54.015396 
 0.032833 1.302881 1.302881 1.302881 54.015396 
 0.032917 1.313600 1.313600 1.313600 64.317230 
 0.033000 1.313600 1.313600 1.313600 64.317230 
 0.033083 1.323949 1.323949 1.323949 62.092064 
 0.033167 1.323949 1.323949 1.323949 62.092064 
 0.033250 1.334089 1.334089 1.334089 60.842514 
 0.033333 1.334089 1.334089 1.334089 60.842514 
 0.033417 1.345027 1.345027 1.345027 65.626144 
 0.033500 1.345027 1.345027 1.345027 65.626144 
 0.033583 1.354363 1.354363 1.354363 56.016685 
 0.033667 1.354363 1.354363 1.354363 56.016685 
 0.033750 1.364827 1.364827 1.364827 62.785149 
 0.033833 1.364827 1.364827 1.364827 62.785149 
 0.033917 1.376378 1.376378 1.376378 69.306854 
 0.034000 1.376378 1.376378 1.376378 69.306854 
 0.034083 1.387138 1.387138 1.387138 64.561127 
 0.034167 1.387138 1.387138 1.387138 64.561127 
 0.034250 1.398187 1.398187 1.398187 66.291336 
 0.034333 1.398187 1.398187 1.398187 66.291336 
 0.034417 1.408678 1.408678 1.408678 62.943935 
 0.034500 1.408678 1.408678 1.408678 62.943935 
 0.034583 1.419822 1.419822 1.419822 66.862823 
 0.034667 1.419822 1.419822 1.419822 66.862823 
 0.034750 1.429875 1.429875 1.429875 60.320377 
 0.034833 1.429875 1.429875 1.429875 60.320377 
 0.034917 1.441419 1.441419 1.441419 69.266800 
 0.035000 1.441419 1.441419 1.441419 69.266800 
 0.035083 1.452054 1.452054 1.452054 63.805103 
 0.035167 1.452054 1.452054 1.452054 63.805103 
 0.035250 1.462697 1.462697 1.462697 63.861610 
 0.035333 1.462697 1.462697 1.462697 63.861610 
 0.035417 1.473586 1.473586 1.473586 65.331459 
 0.035500 1.473586 1.473586 1.473586 65.331459 
 0.035583 1.484356 1.484356 1.484356 64.621925 
 0.035667 1.484356 1.484356 1.484356 64.621925 
 0.035750 1.495721 1.495721 1.495721 68.191055 
 0.035833 1.495721 1.495721 1.495721 68.191055 
 0.035917 1.507210 1.507210 1.507210 68.929909 
 0.036000 1.507210 1.507210 1.507210 68.929909 
 0.036083 1.518677 1.518677 1.518677 68.806168 
 0.036167 1.518677 1.518677 1.518677 68.806168 
 0.036250 1.529276 1.529276 1.529276 63.590527 
 0.036333 1.529276 1.529276 1.529276 63.590527 
 0.036417 1.540679 1.540679 1.540679 68.418503 
 0.036500 1.540679 1.540679 1.540679 68.418503 
 0.036583 1.552869 1.552869 1.552869 73.139191 
 0.036667 1.552869 1.552869 1.552869 73.139191 
 0.036750 1.564261 1.564261 1.564261 68.356277 
 0.036833 1.564261 1.564261 1.564261 68.356277 
 0.036917 1.574812 1.574812 1.574812 63.302277 
 0.037000 1.574812 1.574812 1.574812 63.302277 
 0.037083 1.586978 1.586978 1.586978 72.996140 
 0.037167 1.586978 1.586978 1.586978 72.996140 
 0.037250 1.598328 1.598328 1.598328 68.103790 
 0.037333 1.598328 1.598328 1.598328 68.103790 
 0.037417 1.609609 1.609609 1.609609 67.684647 
 0.037500 1.609609 1.609609 1.609609 67.684647 
 0.037583 1.621773 1.621773 1.621773 72.986130 
 0.037667 1.621773 1.621773 1.621773 72.986130 
 0.037750 1.633084 1.633084 1.633084 67.863464 
 0.037833 1.633084 1.633084 1.633084 67.863464 
 0.037917 1.645185 1.645185 1.645185 72.604179 
 0.038000 1.645185 1.645185 1.645185 72.604179 
 0.038083 1.656390 1.656390 1.656390 67.232605 
 0.038167 1.656390 1.656390 1.656390 67.232605 
 0.038250 1.668672 1.668672 1.668672 73.692795 
 0.038333 1.668672 1.668672 1.668672 73.692795 
 0.038417 1.681520 1.681520 1.681520 77.088837 
 0.038500 1.681520 1.681520 1.681520 77.088837 
 0.038583 1.691933 1.691933 1.691933 62.474014 
 0.038667 1.691933 1.691933 1.691933 62.474014 
 0.038750 1.705035 1.705035 1.705035 78.611610 
 0.038833 1.705035 1.705035 1.705035 78.611610 
 0.038917 1.717003 1.717003 1.717003 71.810242 
 0.039000 1.717003 1.717003 1.717003 71.810242 
 0.039083 1.729056 1.729056 1.729056 72.318794 
 0.039167 1.729056 1.729056 1.729056 72.318794 
 0.039250 1.741219 1.741219 1.741219 72.975395 
 0.039333 1.741219 1.741219 1.741219 72.975395 
 0.039417 1.754160 1.754160 1.754160 77.649597 
 0.039500 1.754160 1.754160 1.754160 77.649597 
 0.039583 1.766295 1.766295 1.766295 72.805168 
 0.039667 1.766295 1.766295 1.766295 72.805168 
 0.039750 1.777625 1.777625 1.777625 67.984344 
 0.039833 1.777625 1.777625 1.777625 67.984344 
 0.039917 1.790504 1.790504 1.790504 77.272652 
 0.040000 1.790504 1.790504 1.790504 77.272652 
 0.040083 1.802572 1.802572 1.802572 72.409630 
 0.040167 1.802572 1.802572 1.802572 72.409630 
 0.040250 1.814419 1.814419 1.814419 71.078537 
 0.040333 1.814419 1.814419 1.814419 71.078537 
 0.040417 1.827797 1.827797 1.827797 80.267426 
 0.040500 1.827797 1.827797 1.827797 80.267426 
 0.040583 1.839570 1.839570 1.839570 70.641518 
 0.040667 1.839570 1.839570 1.839570 70.641518 
 0.040750 1.853926 1.853926 1.853926 86.136818 
 0.040833 1.853926 1.853926 1.853926 86.136818 
 0.040917 1.866080 1.866080 1.866080 72.919609 
 0.041000 1.866080 1.866080 1.866080 72.919609 
 0.041083 1.878963 1.878963 1.878963 77.299835 
 0.041167 1.878963 1.878963 1.878963 77.299835 
 0.041250 1.892056 1.892056 1.892056 78.560829 
 0.041333 1.892056 1.892056 1.892056 78.560829 
 0.041417 1.904373 1.904373 1.904373 73.898788 
 0.041500 1.904373 1.904373 1.904373 73.898788 
 0.041583 1.917684 1.917684 1.917684 79.866173 
 0.041667 1.917684 1.917684 1.917684 79.866173 
 0.041750 1.930700 1.930700 1.930700 78.095200 
 0.041833 1.930700 1.930700 1.930700 78.095200 
 0.041917 1.943677 1.943677 1.943677 77.861313 
 0.042000 1.943677 1.943677 1.943677 77.861313 
 0.042083 1.956473 1.956473 1.956473 76.776268 
 0.042167 1.956473 1.956473 1.956473 76.776268 
 0.042250 1.970418 1.970418 1.970418 83.671333 
 0.042333 1.970418 1.970418 1.970418 83.671333 
 0.042417 1.982556 1.982556 1.982556 72.828056 
 0.042500 1.982556 1.982556 1.982556 72.828056 
 0.042583 1.996017 1.996017 1.996017 80.766678 
 0.042667 1.996017 1.996017 1.996017 80.766678 
 0.042750 2.008026 2.008026 2.008026 72.054146 
 0.042833 2.008026 2.008026 2.008026 72.054146 
 0.042917 2.021102 2.021102 2.021102 78.457832 
 0.043000 2.021102 2.021102 2.021102 78.457832 
 0.043083 2.033776 2.033776 2.033776 76.040268 
 0.043167 2.033776 2.033776 2.033776 76.040268 
 0.043250 2.047481 2.047481 2.047481 82.231522 
 0.043333 2.047481 2.047481 2.047481 82.231522 
 0.043417 2.060101 2.060101 2.060101 75.716972 
 0.043500 2.060101 2.060101 2.060101 75.716972 
 0.043583 2.073372 2.073372 2.073372 79.627991 
 0.043667 2.073372 2.073372 2.073372 79.627991 
 0.043750 2.085617 2.085617 2.085617 73.468208 
 0.043833 2.085617 2.085617 2.085617 73.468208 
 0.043917 2.099592 2.099592 2.099592 83.850861 
 0.044000 2.099592 2.099592 2.099592 83.850861 
 0.044083 2.111799 2.111799 2.111799 73.243622 
 0.044167 2.111799 2.111799 2.111799 73.243622 
 0.044250 2.124394 2.124394 2.124394 75.568199 
 0.044333 2.124394 2.124394 2.124394 75.568199 
 0.044417 2.137218 2.137218 2.137218 76.942917 
 0.044500 2.137218 2.137218 2.137218 76.942917 
 0.044583 2.150425 2.150425 2.150425 79.244614 
 0.044667 2.150425 2.150425 2.150425 79.244614 
 0.044750 2.162956 2.162956 2.162956 75.183395 
 0.044833 2.162956 2.162956 2.162956 75.183395 
 0.044917 2.175463 2.175463 2.175463 75.046066 
 0.045000 2.175463 2.175463 2.175463 75.046066 
 0.045083 2.187944 2.187944 2.187944 74.884415 
 0.045167 2.187944 2.187944 2.187944 74.884415 
 0.045250 2.200394 2.200394 2.200394 74.701309 
 0.045333 2.200394 2.200394 2.200394 74.701309 
 0.045417 2.213274 2.213274 2.213274 77.281952 
 0.045500 2.213274 2.213274 2.213274 77.281952 
 0.045583 2.225045 2.225045 2.225045 70.624352 
 0.045667 2.225045 2.225045 2.225045 70.624352 
 0.045750 2.238352 2.238352 2.238352 79.842567 
 0.045833 2.238352 2.238352 2.238352 79.842567 
 0.045917 2.250670 2.250670 2.250670 73.907379 
 0.046000 2.250670 2.250670 2.250670 73.907379 
 0.046083 2.262837 2.262837 2.262837 73.003296 
 0.046167 2.262837 2.262837 2.262837 73.003296 
 0.046250 2.275566 2.275566 2.275566 76.373581 
 0.046333 2.275566 2.275566 2.275566 76.373581 
 0.046417 2.288684 2.288684 2.288684 78.708176 
 0.046500 2.288684 2.288684 2.288684 78.708176 
 0.046583 2.299110 2.299110 2.299110 62.553406 
 0.046667 2.299110 2.299110 2.299110 62.553406 
 0.046750 2.313339 2.313339 2.313339 85.371490 
 0.046833 2.313339 2.313339 2.313339 85.371490 
 0.046917 2.326406 2.326406 2.326406 78.404907 
 0.047000 2.326406 2.326406 2.326406 78.404907 
 0.047083 2.337837 2.337837 2.337837 68.588730 
 0.047167 2.337837 2.337837 2.337837 68.588730 
 0.047250 2.350858 2.350858 2.350858 78.124527 
 0.047333 2.350858 2.350858 2.350858 78.124527 
 0.047417 2.363307 2.363307 2.363307 74.695587 
 0.047500 2.363307 2.363307 2.363307 74.695587 
 0.047583 2.375185 2.375185 2.375185 71.262360 
 0.047667 2.375185 2.375185 2.375185 71.262360 
 0.047750 2.387587 2.387587 2.387587 74.415207 
 0.047833 2.387587 2.387587 2.387587 74.415207 
 0.047917 2.399405 2.399405 2.399405 70.904732 
 0.048000 2.399405 2.399405 2.399405 70.904732 
 0.048083 2.412319 2.412319 2.412319 77.487946 
 0.048167 2.412319 2.412319 2.412319 77.487946 
 0.048250 2.424141 2.424141 2.424141 70.931915 
 0.048333 2.424141 2.424141 2.424141 70.931915 
 0.048417 2.436929 2.436929 2.436929 76.729774 
 0.048500 2.436929 2.436929 2.436929 76.729774 
 0.048583 2.447627 2.447627 2.447627 64.185623 
 0.048667 2.447627 2.447627 2.447627 64.185623 
 0.048750 2.459370 2.459370 2.459370 70.458412 
 0.048833 2.459370 2.459370 2.459370 70.458412 
 0.048917 2.472742 2.472742 2.472742 80.230240 
 0.049000 2.472742 2.472742 2.472742 80.230240 
 0.049083 2.485025 2.485025 2.485025 73.701385 
 0.049167 2.485025 2.485025 2.485025 73.701385 
 0.049250 2.496679 2.496679 2.496679 69.923401 
 0.049333 2.496679 2.496679 2.496679 69.923401 
 0.049417 2.508456 2.508456 2.508456 70.662979 
 0.049500 2.508456 2.508456 2.508456 70.662979 
 0.049583 2.520655 2.520655 2.520655 73.193550 
 0.049667 2.520655 2.520655 2.520655 73.193550 
 0.049750 2.532818 2.532818 2.532818 72.977539 
 0.049833 2.532818 2.532818 2.532818 72.977539 
 0.049917 2.544519 2.544519 2.544519 70.206642 
 0.050000 2.544519 2.544519 2.544519 70.206642 
 0.050083 2.557234 2.557234 2.557234 76.289177 
 0.050167 2.557234 2.557234 2.557234 76.289177 
 0.050250 2.568692 2.568692 2.568692 68.744659 
 0.050333 2.568692 2.568692 2.568692 68.744659 
 0.050417 2.581352 2.581352 2.581352 75.964447 
 0.050500 2.581352 2.581352 2.581352 75.964447 
 0.050583 2.592939 2.592939 2.592939 69.517136 
 0.050667 2.592939 2.592939 2.592939 69.517136 
 0.050750 2.604486 2.604486 2.604486 69.281097 
 0.050833 2.604486 2.604486 2.604486 69.281097 
 0.050917 2.617554 2.617554 2.617554 78.412056 
 0.051000 2.617554 2.617554 2.617554 78.412056 
 0.051083 2.628665 2.628665 2.628665 66.664696 
 0.051167 2.628665 2.628665 2.628665 66.664696 
 0.051250 2.640038 2.640038 2.640038 68.241119 
 0.051333 2.640038 2.640038 2.640038 68.241119 
 0.051417 2.651749 2.651749 2.651749 70.265289 
 0.051500 2.651749 2.651749 2.651749 70.265289 
 0.051583 2.664431 2.664431 2.664431 76.087479 
 0.051667 2.664431 2.664431 2.664431 76.087479 
 0.051750 2.675403 2.675403 2.675403 65.832138 
 0.051833 2.675403 2.675403 2.675403 65.832138 
 0.051917 2.685701 2.685701 2.685701 61.788082 
 0.052000 2.685701 2.685701 2.685701 61.788082 
 0.052083 2.698631 2.698631 2.698631 77.582359 
 0.052167 2.698631 2.698631 2.698631 77.582359 
 0.052250 2.710183 2.710183 2.710183 69.311142 
 0.052333 2.710183 2.710183 2.710183 69.311142 
 0.052417 2.722738 2.722738 2.722738 75.327873 
 0.052500 2.722738 2.722738 2.722738 75.327873 
 0.052583 2.733235 2.733235 2.733235 62.983990 
 0.052667 2.733235 2.733235 2.733235 62.983990 
 0.052750 2.745162 2.745162 2.745162 71.565628 
 0.052833 2.745162 2.745162 2.745162 71.565628 
 0.052917 2.756281 2.756281 2.756281 66.711899 
 0.053000 2.756281 2.756281 2.756281 66.711899 
 0.053083 2.768729 2.768729 2.768729 74.685577 
 0.053167 2.768729 2.768729 2.768729 74.685577 
 0.053250 2.779244 2.779244 2.779244 63.094139 
 0.053333 2.779244 2.779244 2.779244 63.094139 
 0.053417 2.790435 2.790435 2.790435 67.141052 
 0.053500 2.790435 2.790435 2.790435 67.141052 
 0.053583 2.801164 2.801164 2.801164 64.375877 
 0.053667 2.801164 2.801164 2.801164 64.375877 
 0.053750 2.812315 2.812315 2.812315 66.903595 
 0.053833 2.812315 2.812315 2.812315 66.903595 
 0.053917 2.822980 2.822980 2.822980 63.991070 
 0.054000 2.822980 2.822980 2.822980 63.991070 
 0.054083 2.835475 2.835475 2.835475 74.973106 
 0.054167 2.835475 2.835475 2.835475 74.973106 
 0.054250 2.847254 2.847254 2.847254 70.674423 
 0.054333 2.847254 2.847254 2.847254 70.674423 
 0.054417 2.858308 2.858308 2.858308 66.324234 
 0.054500 2.858308 2.858308 2.858308 66.324234 
 0.054583 2.869839 2.869839 2.869839 69.185257 
 0.054667 2.869839 2.869839 2.869839 69.185257 
 0.054750 2.880652 2.880652 2.880652 64.877991 
 0.054833 2.880652 2.880652 2.880652 64.877991 
 0.054917 2.891446 2.891446 2.891446 64.762115 
 0.055000 2.891446 2.891446 2.891446 64.762115 
 0.055083 2.900272 2.900272 2.900272 52.957535 
 0.055167 2.900272 2.900272 2.900272 52.957535 
 0.055250 2.914546 2.914546 2.914546 85.644722 
 0.055333 2.914546 2.914546 2.914546 85.644722 
 0.055417 2.924950 2.924950 2.924950 62.420368 
 0.055500 2.924950 2.924950 2.924950 62.420368 
 0.055583 2.936510 2.936510 2.936510 69.359779 
 0.055667 2.936510 2.936510 2.936510 69.359779 
 0.055750 2.947032 2.947032 2.947032 63.137054 
 0.055833 2.947032 2.947032 2.947032 63.137054 
 0.055917 2.958249 2.958249 2.958249 67.296982 
 0.056000 2.958249 2.958249 2.958249 67.296982 
 0.056083 2.970158 2.970158 2.970158 71.456909 
 0.056167 2.970158 2.970158 2.970158 71.456909 
 0.056250 2.979790 2.979790 2.979790 57.792664 
 0.056333 2.979790 2.979790 2.979790 57.792664 
 0.056417 2.991056 2.991056 2.991056 67.594528 
 0.056500 2.991056 2.991056 2.991056 67.594528 
 0.056583 3.002692 3.002692 3.002692 69.816116 
 0.056667 3.002692 3.002692 3.002692 69.816116 
 0.056750 3.012993 3.012993 3.012993 61.803818 
 0.056833 3.012993 3.012993 3.012993 61.803818 
 0.056917 3.022560 3.022560 3.022560 57.404995 
 0.057000 3.022560 3.022560 3.022560 57.404995 
 0.057083 3.034409 3.034409 3.034409 71.093559 
 0.057167 3.034409 3.034409 3.034409 71.093559 
 0.057250 3.044497 3.044497 3.044497 60.526371 
 0.057333 3.044497 3.044497 3.044497 60.526371 
 0.057417 3.056268 3.056268 3.056268 70.628647 
 0.057500 3.056268 3.056268 3.056268 70.628647 
 0.057583 3.066337 3.066337 3.066337 60.411930 
 0.057667 3.066337 3.066337 3.066337 60.411930 
 0.057750 3.077168 3.077168 3.077168 64.988136 
 0.057833 3.077168 3.077168 3.077168 64.988136 
 0.057917 3.087307 3.087307 3.087307 60.833931 
 0.058000 3.087307 3.087307 3.087307 60.833931 
 0.058083 3.098066 3.098066 3.098066 64.551834 
 0.058167 3.098066 3.098066 3.098066 64.551834 
 0.058250 3.107413 3.107413 3.107413 56.084633 
 0.058333 3.107413 3.107413 3.107413 56.084633 
 0.058417 3.118865 3.118865 3.118865 68.713188 
 0.058500 3.118865 3.118865 3.118865 68.713188 
 0.058583 3.129601 3.129601 3.129601 64.415932 
 0.058667 3.129601 3.129601 3.129601 64.415932 
 0.058750 3.141022 3.141022 3.141022 68.524361 
 0.058833 3.141022 3.141022 3.141022 68.524361 
 0.058917 -3.131486 -3.131486 -3.131486 64.149857 
 0.059000 -3.131486 -3.131486 -3.131486 64.149857 
 0.059083 -3.122221 -3.122221 -3.122221 55.588245 
 0.059167 -3.122221 -3.122221 -3.122221 55.588245 
 0.059250 -3.111544 -3.111544 -3.111544 64.065460 
 0.059333 -3.111544 -3.111544 -3.111544 64.065460 
 0.059417 -3.100931 -3.100931 -3.100931 63.676357 
 0.059500 -3.100931 -3.100931 -3.100931 63.676357 
 0.059583 -3.090994 -3.090994 -3.090994 59.622288 
 0.059667 -3.090994 -3.090994 -3.090994 59.622288 
 0.059750 -3.081067 -3.081067 -3.081067 59.560776 
 0.059833 -3.081067 -3.081067 -3.081067 59.560776 
 0.059917 -3.069737 -3.069737 -3.069737 67.982193 
 0.060000 -3.069737 -3.069737 -3.069737 67.982193 
 0.060083 -3.061251 -3.061251 -3.061251 50.913334 
 0.060167 -3.061251 -3.061251 -3.061251 50.913334 
 0.060250 -3.050020 -3.050020 -3.050020 67.388535 
 0.060333 -3.050020 -3.050020 -3.050020 67.388535 
 0.060417 -3.040018 -3.040018 -3.040018 60.009956 
 0.060500 -3.040018 -3.040018 -3.040018 60.009956 
 0.060583 -3.030323 -3.030323 -3.030323 58.170319 
 0.060667 -3.030323 -3.030323 -3.030323 58.170319 
 0.060750 -3.019020 -3.019020 -3.019020 67.820549 
 0.060833 -3.019020 -3.019020 -3.019020 67.820549 
 0.060917 -3.008943 -3.008943 -3.008943 60.459137 
 0.061000 -3.008943 -3.008943 -3.008943 60.459137 
 0.061083 -2.999850 -2.999850 -2.999850 54.556847 
 0.061167 -2.999850 -2.999850 -2.999850 54.556847 
 0.061250 -2.989872 -2.989872 -2.989872 59.872627 
 0.061333 -2.989872 -2.989872 -2.989872 59.872627 
 0.061417 -2.979312 -2.979312 -2.979312 63.355923 
 0.061500 -2.979312 -2.979312 -2.979312 63.355923 
 0.061583 -2.969468 -2.969468 -2.969468 59.062958 
 0.061667 -2.969468 -2.969468 -2.969468 59.062958 
 0.061750 -2.958824 -2.958824 -2.958824 63.865185 
 0.061833 -2.958824 -2.958824 -2.958824 63.865185 
 0.061917 -2.949573 -2.949573 -2.949573 55.509567 
 0.062000 -2.949573 -2.949573 -2.949573 55.509567 
 0.062083 -2.939780 -2.939780 -2.939780 58.758259 
 0.062167 -2.939780 -2.939780 -2.939780 58.758259 
 0.062250 -2.930551 -2.930551 -2.930551 55.372238 
 0.062333 -2.930551 -2.930551 -2.930551 55.372238 
 0.062417 -2.919123 -2.919123 -2.919123 68.567276 
 0.062500 -2.919123 -2.919123 -2.919123 68.567276 
 0.062583 -2.909754 -2.909754 -2.909754 56.213379 
 0.062667 -2.909754 -2.909754 -2.909754 56.213379 
 0.062750 -2.900040 -2.900040 -2.900040 58.281898 
 0.062833 -2.900040 -2.900040 -2.900040 58.281898 
 0.062917 -2.890185 -2.890185 -2.890185 59.134483 
 0.063000 -2.890185 -2.890185 -2.890185 59.134483 
 0.063083 -2.880170 -2.880170 -2.880170 60.090065 
 0.063167 -2.880170 -2.880170 -2.880170 60.090065 
 0.063250 -2.871700 -2.871700 -2.871700 50.818920 
 0.063333 -2.871700 -2.871700 -2.871700 50.818920 
 0.063417 -2.858829 -2.858829 -2.858829 77.226166 
 0.063500 -2.858829 -2.858829 -2.858829 77.226166 
 0.063583 -2.850862 -2.850862 -2.850862 47.800541 
 0.063667 -2.850862 -2.850862 -2.850862 47.800541 
 0.063750 -2.840437 -2.840437 -2.840437 62.550545 
 0.063833 -2.840437 -2.840437 -2.840437 62.550545 
 0.063917 -2.831613 -2.831613 -2.831613 52.941799 
 0.064000 -2.831613 -2.831613 -2.831613 52.941799 
 0.064083 -2.821463 -2.821463 -2.821463 60.901165 
 0.064167 -2.821463 -2.821463 -2.821463 60.901165 
 0.064250 -2.811981 -2.811981 -2.811981 56.890011 
 0.064333 -2.811981 -2.811981 -2.811981 56.890011 
 0.064417 -2.802080 -2.802080 -2.802080 59.409142 
 0.064500 -2.802080 -2.802080 -2.802080 59.409142 
 0.064583 -2.793036 -2.793036 -2.793036 54.263592 
 0.064667 -2.793036 -2.793036 -2.793036 54.263592 
 0.064750 -2.783168 -2.783168 -2.783168 59.207439 
 0.064833 -2.783168 -2.783168 -2.783168 59.207439 
 0.064917 -2.773727 -2.773727 -2.773727 56.643963 
 0.065000 -2.773727 -2.773727 -2.773727 56.643963 
 0.065083 -2.764433 -2.764433 -2.764433 55.764198 
 0.065167 -2.764433 -2.764433 -2.764433 55.764198 
 0.065250 -2.753717 -2.753717 -2.753717 64.298630 
 0.065333 -2.753717 -2.753717 -2.753717 64.298630 
 0.065417 -2.744310 -2.744310 -2.744310 56.442261 
 0.065500 -2.744310 -2.744310 -2.744310 56.442261 
 0.065583 -2.735283 -2.735283 -2.735283 54.160595 
 0.065667 -2.735283 -2.735283 -2.735283 54.160595 
 0.065750 -2.726259 -2.726259 -2.726259 54.147720 
 0.065833 -2.726259 -2.726259 -2.726259 54.147720 
 0.065917 -2.716545 -2.716545 -2.716545 58.281898 
 0.066000 -2.716545 -2.716545 -2.716545 58.281898 
 0.066083 -2.706625 -2.706625 -2.706625 59.517860 
 0.066167 -2.706625 -2.706625 -2.706625 59.517860 
 0.066250 -2.697629 -2.697629 -2.697629 53.977489 
 0.066333 -2.697629 -2.697629 -2.697629 53.977489 
 0.066417 -2.687715 -2.687715 -2.687715 59.482098 
 0.066500 -2.687715 -2.687715 -2.687715 59.482098 
 0.066583 -2.678734 -2.678734 -2.678734 53.885937 
 0.066667 -2.678734 -2.678734 -2.678734 53.885937 
 0.066750 -2.668834 -2.668834 -2.668834 59.403419 
 0.066833 -2.668834 -2.668834 -2.668834 59.403419 
 0.066917 -2.660167 -2.660167 -2.660167 52.001953 
 0.067000 -2.660167 -2.660167 -2.660167 52.001953 
 0.067083 -2.650603 -2.650603 -2.650603 57.383537 
 0.067167 -2.650603 -2.650603 -2.650603 57.383537 
 0.067250 -2.641336 -2.641336 -2.641336 55.599689 
 0.067333 -2.641336 -2.641336 -2.641336 55.599689 
 0.067417 -2.632076 -2.632076 -2.632076 55.562496 
 0.067500 -2.632076 -2.632076 -2.632076 55.562496 
 0.067583 -2.622481 -2.622481 -2.622481 57.569504 
 0.067667 -2.622481 -2.622481 -2.622481 57.569504 
 0.067750 -2.612637 -2.612637 -2.612637 59.065819 
 0.067833 -2.612637 -2.612637 -2.612637 59.065819 
 0.067917 -2.603403 -2.603403 -2.603403 55.402279 
 0.068000 -2.603403 -2.603403 -2.603403 55.402279 
 0.068083 -2.594412 -2.594412 -2.594412 53.946018 
 0.068167 -2.594412 -2.594412 -2.594412 53.946018 
 0.068250 -2.585418 -2.585418 -2.585418 53.964615 
 0.068333 -2.585418 -2.585418 -2.585418 53.964615 
 0.068417 -2.576578 -2.576578 -2.576578 53.037643 
 0.068500 -2.576578 -2.576578 -2.576578 53.037643 
 0.068583 -2.566268 -2.566268 -2.566268 61.859608 
 0.068667 -2.566268 -2.566268 -2.566268 61.859608 
 0.068750 -2.557466 -2.557466 -2.557466 52.815914 
 0.068833 -2.557466 -2.557466 -2.557466 52.815914 
 0.068917 -2.548109 -2.548109 -2.548109 56.138992 
 0.069000 -2.548109 -2.548109 -2.548109 56.138992 
 0.069083 -2.538747 -2.538747 -2.538747 56.173325 
 0.069167 -2.538747 -2.538747 -2.538747 56.173325 
 0.069250 -2.529607 -2.529607 -2.529607 54.837227 
 0.069333 -2.529607 -2.529607 -2.529607 54.837227 
 0.069417 -2.519692 -2.519692 -2.519692 59.489250 
 0.069500 -2.519692 -2.519692 -2.519692 59.489250 
 0.069583 -2.510895 -2.510895 -2.510895 52.785873 
 0.069667 -2.510895 -2.510895 -2.510895 52.785873 
 0.069750 -2.501538 -2.501538 -2.501538 56.140423 
 0.069833 -2.501538 -2.501538 -2.501538 56.140423 
 0.069917 -2.492599 -2.492599 -2.492599 53.634167 
 0.070000 -2.492599 -2.492599 -2.492599 53.634167 
 0.070083 -2.483673 -2.483673 -2.483673 53.555489 
 0.070167 -2.483673 -2.483673 -2.483673 53.555489 
 0.070250 -2.474452 -2.474452 -2.474452 55.327892 
 0.070333 -2.474452 -2.474452 -2.474452 55.327892 
 0.070417 -2.464148 -2.464148 -2.464148 61.825275 
 0.070500 -2.464148 -2.464148 -2.464148 61.825275 
 0.070583 -2.456218 -2.456218 -2.456218 47.575951 
 0.070667 -2.456218 -2.456218 -2.456218 47.575951 
 0.070750 -2.446551 -2.446551 -2.446551 58.004379 
 0.070833 -2.446551 -2.446551 -2.446551 58.004379 
 0.070917 -2.437233 -2.437233 -2.437233 55.904388 
 0.071000 -2.437233 -2.437233 -2.437233 55.904388 
 0.071083 -2.428448 -2.428448 -2.428448 52.714348 
 0.071167 -2.428448 -2.428448 -2.428448 52.714348 
 0.071250 -2.419668 -2.419668 -2.419668 52.678585 
 0.071333 -2.419668 -2.419668 -2.419668 52.678585 
 0.071417 -2.411407 -2.411407 -2.411407 49.568653 
 0.071500 -2.411407 -2.411407 -2.411407 49.568653 
 0.071583 -2.400195 -2.400195 -2.400195 67.268372 
 0.071667 -2.400195 -2.400195 -2.400195 67.268372 
 0.071750 -2.390975 -2.390975 -2.390975 55.323601 
 0.071833 -2.390975 -2.390975 -2.390975 55.323601 
 0.071917 -2.382751 -2.382751 -2.382751 49.339771 
 0.072000 -2.382751 -2.382751 -2.382751 49.339771 
 0.072083 -2.373512 -2.373512 -2.373512 55.433750 
 0.072167 -2.373512 -2.373512 -2.373512 55.433750 
 0.072250 -2.364313 -2.364313 -2.364313 55.194855 
 0.072333 -2.364313 -2.364313 -2.364313 55.194855 
 0.072417 -2.355104 -2.355104 -2.355104 55.252075 
 0.072500 -2.355104 -2.355104 -2.355104 55.252075 
 0.072583 -2.345416 -2.345416 -2.345416 58.133125 
 0.072667 -2.345416 -2.345416 -2.345416 58.133125 
 0.072750 -2.337173 -2.337173 -2.337173 49.458504 
 0.072833 -2.337173 -2.337173 -2.337173 49.458504 
 0.072917 -2.327014 -2.327014 -2.327014 60.951233 
 0.073000 -2.327014 -2.327014 -2.327014 60.951233 
 0.073083 -2.317838 -2.317838 -2.317838 55.053234 
 0.073167 -2.317838 -2.317838 -2.317838 55.053234 
 0.073250 -2.308079 -2.308079 -2.308079 58.556557 
 0.073333 -2.308079 -2.308079 -2.308079 58.556557 
 0.073417 -2.299881 -2.299881 -2.299881 49.188137 
 0.073500 -2.299881 -2.299881 -2.299881 49.188137 
 0.073583 -2.290219 -2.290219 -2.290219 57.974339 
 0.073667 -2.290219 -2.290219 -2.290219 57.974339 
 0.073750 -2.281014 -2.281014 -2.281014 55.224895 
 0.073833 -2.281014 -2.281014 -2.281014 55.224895 
 0.073917 -2.272255 -2.272255 -2.272255 52.554131 
 0.074000 -2.272255 -2.272255 -2.272255 52.554131 
 0.074083 -2.262183 -2.262183 -2.262183 60.433388 
 0.074167 -2.262183 -2.262183 -2.262183 60.433388 
 0.074250 -2.253863 -2.253863 -2.253863 49.923420 
 0.074333 -2.253863 -2.253863 -2.253863 49.923420 
 0.074417 -2.244998 -2.244998 -2.244998 53.190708 
 0.074500 -2.244998 -2.244998 -2.244998 53.190708 
 0.074583 -2.235693 -2.235693 -2.235693 55.830002 
 0.074667 -2.235693 -2.235693 -2.235693 55.830002 
 0.074750 -2.225257 -2.225257 -2.225257 62.613487 
 0.074833 -2.225257 -2.225257 -2.225257 62.613487 
 0.074917 -2.216788 -2.216788 -2.216788 50.814629 
 0.075000 -2.216788 -2.216788 -2.216788 50.814629 
 0.075083 -2.208440 -2.208440 -2.208440 50.087929 
 0.075167 -2.208440 -2.208440 -2.208440 50.087929 
 0.075250 -2.198730 -2.198730 -2.198730 58.257580 
 0.075333 -2.198730 -2.198730 -2.198730 58.257580 
 0.075417 -2.190222 -2.190222 -2.190222 51.047802 
 0.075500 -2.190222 -2.190222 -2.190222 51.047802 
 0.075583 -2.180688 -2.180688 -2.180688 57.206154 
 0.075667 -2.180688 -2.180688 -2.180688 57.206154 
 0.075750 -2.171603 -2.171603 -2.171603 54.508209 
 0.075833 -2.171603 -2.171603 -2.171603 54.508209 
 0.075917 -2.161732 -2.161732 -2.161732 59.226036 
 0.076000 -2.161732 -2.161732 -2.161732 59.226036 
 0.076083 -2.153004 -2.153004 -2.153004 52.371025 
 0.076167 -2.153004 -2.153004 -2.153004 52.371025 
 0.076250 -2.143882 -2.143882 -2.143882 54.728508 
 0.076333 -2.143882 -2.143882 -2.143882 54.728508 
 0.076417 -2.135167 -2.135167 -2.135167 52.289486 
 0.076500 -2.135167 -2.135167 -2.135167 52.289486 
 0.076583 -2.125308 -2.125308 -2.125308 59.158802 
 0.076667 -2.125308 -2.125308 -2.125308 59.158802 
 0.076750 -2.116393 -2.116393 -2.116393 53.486824 
 0.076833 -2.116393 -2.116393 -2.116393 53.486824 
 0.076917 -2.107832 -2.107832 -2.107832 51.368237 
 0.077000 -2.107832 -2.107832 -2.107832 51.368237 
 0.077083 -2.097394 -2.097394 -2.097394 62.626362 
 0.077167 -2.097394 -2.097394 -2.097394 62.626362 
 0.077250 -2.089166 -2.089166 -2.089166 49.369812 
 0.077333 -2.089166 -2.089166 -2.089166 49.369812 
 0.077417 -2.080257 -2.080257 -2.080257 53.452492 
 0.077500 -2.080257 -2.080257 -2.080257 53.452492 
 0.077583 -2.070157 -2.070157 -2.070157 60.600758 
 0.077667 -2.070157 -2.070157 -2.070157 60.600758 
 0.077750 -2.061907 -2.061907 -2.061907 49.497128 
 0.077833 -2.061907 -2.061907 -2.061907 49.497128 
 0.077917 -2.052118 -2.052118 -2.052118 58.736801 
 0.078000 -2.052118 -2.052118 -2.052118 58.736801 
 0.078083 -2.043539 -2.043539 -2.043539 51.471233 
 0.078167 -2.043539 -2.043539 -2.043539 51.471233 
 0.078250 -2.034352 -2.034352 -2.034352 55.123329 
 0.078333 -2.034352 -2.034352 -2.034352 55.123329 
 0.078417 -2.025165 -2.025165 -2.025165 55.121899 
 0.078500 -2.025165 -2.025165 -2.025165 55.121899 
 0.078583 -2.015361 -2.015361 -2.015361 58.822632 
 0.078667 -2.015361 -2.015361 -2.015361 58.822632 
 0.078750 -2.007086 -2.007086 -2.007086 49.650192 
 0.078833 -2.007086 -2.007086 -2.007086 49.650192 
 0.078917 -1.997903 -1.997903 -1.997903 55.101158 
 0.079000 -1.997903 -1.997903 -1.997903 55.101158 
 0.079083 -1.989282 -1.989282 -1.989282 51.726578 
 0.079167 -1.989282 -1.989282 -1.989282 51.726578 
 0.079250 -1.979200 -1.979200 -1.979200 60.492752 
 0.079333 -1.979200 -1.979200 -1.979200 60.492752 
 0.079417 -1.970199 -1.970199 -1.970199 54.003952 
 0.079500 -1.970199 -1.970199 -1.970199 54.003952 
 0.079583 -1.960500 -1.960500 -1.960500 58.190346 
 0.079667 -1.960500 -1.960500 -1.960500 58.190346 
 0.079750 -1.952366 -1.952366 -1.952366 48.805473 
 0.079833 -1.952366 -1.952366 -1.952366 48.805473 
 0.079917 -1.943452 -1.943452 -1.943452 53.483246 
 0.080000 -1.943452 -1.943452 -1.943452 53.483246 
 0.080083 -1.934145 -1.934145 -1.934145 55.845024 
 0.080167 -1.934145 -1.934145 -1.934145 55.845024 
 0.080250 -1.924756 -1.924756 -1.924756 56.332111 
 0.080333 -1.924756 -1.924756 -1.924756 56.332111 
 0.080417 -1.915680 -1.915680 -1.915680 54.459572 
 0.080500 -1.915680 -1.915680 -1.915680 54.459572 
 0.080583 -1.907232 -1.907232 -1.907232 50.688026 
 0.080667 -1.907232 -1.907232 -1.907232 50.688026 
 0.080750 -1.897899 -1.897899 -1.897899 55.994511 
 0.080833 -1.897899 -1.897899 -1.897899 55.994511 
 0.080917 -1.888777 -1.888777 -1.888777 54.735661 
 0.081000 -1.888777 -1.888777 -1.888777 54.735661 
 0.081083 -1.879221 -1.879221 -1.879221 57.332756 
 0.081167 -1.879221 -1.879221 -1.879221 57.332756 
 0.081250 -1.870081 -1.870081 -1.870081 54.839371 
 0.081333 -1.870081 -1.870081 -1.870081 54.839371 
 0.081417 -1.860929 -1.860929 -1.860929 54.912331 
 0.081500 -1.860929 -1.860929 -1.860929 54.912331 
 0.081583 -1.852427 -1.852427 -1.852427 51.010609 
 0.081667 -1.852427 -1.852427 -1.852427 51.010609 
 0.081750 -1.842410 -1.842410 -1.842410 60.105087 
 0.081833 -1.842410 -1.842410 -1.842410 60.105087 
 0.081917 -1.834745 -1.834745 -1.834745 45.990227 
 0.082000 -1.834745 -1.834745 -1.834745 45.990227 
 0.082083 -1.825216 -1.825216 -1.825216 57.170391 
 0.082167 -1.825216 -1.825216 -1.825216 57.170391 
 0.082250 -1.815541 -1.815541 -1.815541 58.050873 
 0.082333 -1.815541 -1.815541 -1.815541 58.050873 
 0.082417 -1.807026 -1.807026 -1.807026 51.094292 
 0.082500 -1.807026 -1.807026 -1.807026 51.094292 
 0.082583 -1.797995 -1.797995 -1.797995 54.180622 
 0.082667 -1.797995 -1.797995 -1.797995 54.180622 
 0.082750 -1.789327 -1.789327 -1.789327 52.009106 
 0.082833 -1.789327 -1.789327 -1.789327 52.009106 
 0.082917 -1.780575 -1.780575 -1.780575 52.514793 
 0.083000 -1.780575 -1.780575 -1.780575 52.514793 
 0.083083 -1.770701 -1.770701 -1.770701 59.243919 
 0.083167 -1.770701 -1.770701 -1.770701 59.243919 
 0.083250 -1.761768 -1.761768 -1.761768 53.598404 