0.000000 0.000000 0.000000 0.000000 0.014521 
 0.000083 2.000000 2.000000 2.000000 0.007592 
 0.000167 2.000000 2.000000 2.000000 0.007592 
 0.000250 2.000000 2.000000 2.000000 0.058721 
 0.000333 2.000000 2.000000 2.000000 0.230813 
 0.000417 2.000000 2.000000 2.000000 0.470347 
 0.000500 2.000000 2.000000 2.000000 0.749414 
 0.000583 2.000000 2.000000 2.000000 1.063313 
 0.000667 2.000000 2.000000 2.000000 1.353983 
 0.000750 2.000000 2.000000 2.000000 1.626087 
 0.000833 2.000000 2.000000 2.000000 1.865632 
 0.000917 2.000000 2.000000 2.000000 2.074876 
 0.001000 2.000000 2.000000 2.000000 2.232972 
 0.001083 2.000000 2.000000 2.000000 2.330786 
 0.001167 2.000000 2.000000 2.000000 2.400569 
 0.001250 2.000000 2.000000 2.000000 2.454041 
 0.001333 2.000000 2.000000 2.000000 2.460982 
 0.001417 2.000000 2.000000 2.000000 2.451578 
 0.001500 2.000000 2.000000 2.000000 2.396043 
 0.001583 2.000000 2.000000 2.000000 2.358656 
 0.001667 2.000000 2.000000 2.000000 2.293540 
 0.001750 2.000000 2.000000 2.000000 2.235267 
 0.001833 2.000000 2.000000 2.000000 2.163325 
 0.001917 2.000000 2.000000 2.000000 2.082190 
 0.002000 2.000000 2.000000 2.000000 2.035485 
 0.002083 2.000000 2.000000 2.000000 2.002927 
 0.002167 2.000000 2.000000 2.000000 1.951960 
 0.002250 2.000000 2.000000 2.000000 1.926111 
 0.002333 2.000000 2.000000 2.000000 1.896046 
 0.002417 2.000000 2.000000 2.000000 1.889406 
 0.002500 2.000000 2.000000 2.000000 1.886852 
 0.002583 2.000000 2.000000 2.000000 1.914281 
 0.002667 2.000000 2.000000 2.000000 1.916842 
 0.002750 2.000000 2.000000 2.000000 1.910259 
 0.002833 2.000000 2.000000 2.000000 1.921964 
 0.002917 2.000000 2.000000 2.000000 1.960948 
 0.003000 2.000000 2.000000 2.000000 1.948059 
 0.003083 2.000000 2.000000 2.000000 1.969946 
 0.003167 2.000000 2.000000 2.000000 1.981686 
 0.003250 2.000000 2.000000 2.000000 1.972544 
 0.003333 2.000000 2.000000 2.000000 1.975242 
 0.003417 2.000000 2.000000 2.000000 1.989598 
 0.003500 2.000000 2.000000 2.000000 2.007584 
 0.003583 2.000000 2.000000 2.000000 2.010303 
 0.003667 2.000000 2.000000 2.000000 1.992354 
 0.003750 2.000000 2.000000 2.000000 1.980518 
 0.003833 2.000000 2.000000 2.000000 1.965459 
 0.003917 2.000000 2.000000 2.000000 1.968368 
 0.004000 2.000000 2.000000 2.000000 1.944751 
 0.004083 2.000000 2.000000 2.000000 1.956571 
 0.004167 2.000000 2.000000 2.000000 1.932930 
 0.004250 2.000000 2.000000 2.000000 1.918174 
 0.004333 2.000000 2.000000 2.000000 1.921159 
 0.004417 2.000000 2.000000 2.000000 1.938879 
 0.004500 2.000000 2.000000 2.000000 1.933120 
 0.004583 2.000000 2.000000 2.000000 1.945030 
 0.004667 2.000000 2.000000 2.000000 1.947649 
 0.004750 2.000000 2.000000 2.000000 1.950636 
 0.004833 2.000000 2.000000 2.000000 1.944273 
 0.004917 2.000000 2.000000 2.000000 1.945105 
 0.005000 2.000000 2.000000 2.000000 1.960220 
 0.005083 2.000000 2.000000 2.000000 1.951605 
 0.005167 2.000000 2.000000 2.000000 1.948336 
 0.005250 2.000000 2.000000 2.000000 1.943042 
 0.005333 2.000000 2.000000 2.000000 1.939704 
 0.005417 2.000000 2.000000 2.000000 1.948183 
 0.005500 2.000000 2.000000 2.000000 1.955006 
 0.005583 2.000000 2.000000 2.000000 1.941502 
 0.005667 2.000000 2.000000 2.000000 1.946475 
 0.005750 2.000000 2.000000 2.000000 1.933089 
 0.005833 2.000000 2.000000 2.000000 1.924642 
 0.005917 2.000000 2.000000 2.000000 1.940343 
 0.006000 2.000000 2.000000 2.000000 1.945150 
 0.006083 2.000000 2.000000 2.000000 1.936847 
 0.006167 2.000000 2.000000 2.000000 1.921136 
 0.006250 2.000000 2.000000 2.000000 1.924807 
 0.006333 2.000000 2.000000 2.000000 1.916529 
 0.006417 2.000000 2.000000 2.000000 1.912114 
 0.006500 2.000000 2.000000 2.000000 1.920310 
 0.006583 2.000000 2.000000 2.000000 1.924173 
 0.006667 2.000000 2.000000 2.000000 1.940098 
 0.006750 2.000000 2.000000 2.000000 1.948262 
 0.006833 2.000000 2.000000 2.000000 1.928098 
 0.006917 2.000000 2.000000 2.000000 1.960319 
 0.007000 2.000000 2.000000 2.000000 1.964359 
 0.007083 2.000000 2.000000 2.000000 1.940331 
 0.007167 2.000000 2.000000 2.000000 1.948295 
 0.007250 2.000000 2.000000 2.000000 1.944549 
 0.007333 2.000000 2.000000 2.000000 1.944549 
 0.007417 2.000000 2.000000 2.000000 1.959126 
 0.007500 2.000000 2.000000 2.000000 1.941026 
 0.007583 2.000000 2.000000 2.000000 1.933264 
 0.007667 2.000000 2.000000 2.000000 1.928811 
 0.007750 2.000000 2.000000 2.000000 1.920999 
 0.007833 2.000000 2.000000 2.000000 1.949908 
 0.007917 2.000000 2.000000 2.000000 1.934670 
 0.008000 2.000000 2.000000 2.000000 1.931717 
 0.008083 2.000000 2.000000 2.000000 1.929085 
 0.008167 2.000000 2.000000 2.000000 1.921604 
 0.008250 2.000000 2.000000 2.000000 1.931811 
 0.008333 2.000000 2.000000 2.000000 1.939228 
 0.008417 2.000000 2.000000 2.000000 1.941463 
 0.008500 2.000000 2.000000 2.000000 1.939059 
 0.008583 2.000000 2.000000 2.000000 1.931841 
 0.008667 2.000000 2.000000 2.000000 1.929159 
 0.008750 2.000000 2.000000 2.000000 1.926776 
 0.008833 2.000000 2.000000 2.000000 1.939040 
 0.008917 2.000000 2.000000 2.000000 1.944050 
 0.009000 2.000000 2.000000 2.000000 1.949243 
 0.009083 2.000000 2.000000 2.000000 1.942018 
 0.009167 2.000000 2.000000 2.000000 1.940399 
 0.009250 2.000000 2.000000 2.000000 1.932016 
 0.009333 2.000000 2.000000 2.000000 1.933431 
 0.009417 2.000000 2.000000 2.000000 1.938829 
 0.009500 2.000000 2.000000 2.000000 1.930769 
 0.009583 2.000000 2.000000 2.000000 1.936489 
 0.009667 2.000000 2.000000 2.000000 1.924180 
 0.009750 2.000000 2.000000 2.000000 1.931723 
 0.009833 2.000000 2.000000 2.000000 1.930811 
 0.009917 2.000000 2.000000 2.000000 1.941512 
 0.010000 2.000000 2.000000 2.000000 1.934361 
 0.010083 2.000000 2.000000 2.000000 1.934700 
 0.010167 2.000000 2.000000 2.000000 1.935076 
 0.010250 2.000000 2.000000 2.000000 1.934924 
 0.010333 2.000000 2.000000 2.000000 1.940804 
 0.010417 2.000000 2.000000 2.000000 1.959269 
 0.010500 2.000000 2.000000 2.000000 1.959314 
 0.010583 2.000000 2.000000 2.000000 1.959388 
 0.010667 2.000000 2.000000 2.000000 1.959388 
 0.010750 2.000000 2.000000 2.000000 1.952843 
 0.010833 2.000000 2.000000 2.000000 1.947411 
 0.010917 2.000000 2.000000 2.000000 1.941451 
 0.011000 2.000000 2.000000 2.000000 1.935668 
 0.011083 2.000000 2.000000 2.000000 1.936486 
 0.011167 2.000000 2.000000 2.000000 1.943146 
 0.011250 2.000000 2.000000 2.000000 1.944308 
 0.011333 2.000000 2.000000 2.000000 1.944308 
 0.011417 2.000000 2.000000 2.000000 1.927992 
 0.011500 2.000000 2.000000 2.000000 1.926536 
 0.011583 2.000000 2.000000 2.000000 1.928069 
 0.011667 2.000000 2.000000 2.000000 1.935063 
 0.011750 2.000000 2.000000 2.000000 1.935004 
 0.011833 2.000000 2.000000 2.000000 1.927892 
 0.011917 2.000000 2.000000 2.000000 1.929580 
 0.012000 2.000000 2.000000 2.000000 1.931817 
 0.012083 2.000000 2.000000 2.000000 1.934044 
 0.012167 2.000000 2.000000 2.000000 1.936501 
 0.012250 2.000000 2.000000 2.000000 1.930615 
 0.012333 2.000000 2.000000 2.000000 1.933492 
 0.012417 2.000000 2.000000 2.000000 1.931614 
 0.012500 2.000000 2.000000 2.000000 1.939206 
 0.012583 2.000000 2.000000 2.000000 1.946651 
 0.012667 2.000000 2.000000 2.000000 1.940827 
 0.012750 2.000000 2.000000 2.000000 1.936571 
 0.012833 2.000000 2.000000 2.000000 1.932234 
 0.012917 2.000000 2.000000 2.000000 1.936428 
 0.013000 2.000000 2.000000 2.000000 1.936428 
 0.013083 2.000000 2.000000 2.000000 1.935937 
 0.013167 2.000000 2.000000 2.000000 1.940048 
 0.013250 2.000000 2.000000 2.000000 1.927856 
 0.013333 2.000000 2.000000 2.000000 1.940390 
 0.013417 2.000000 2.000000 2.000000 1.940375 
 0.013500 2.000000 2.000000 2.000000 1.924607 
 0.013583 2.000000 2.000000 2.000000 1.929326 
 0.013667 2.000000 2.000000 2.000000 1.932887 
 0.013750 2.000000 2.000000 2.000000 1.937657 
 0.013833 2.000000 2.000000 2.000000 1.941059 
 0.013917 2.000000 2.000000 2.000000 1.933936 
 0.014000 2.000000 2.000000 2.000000 1.918760 
 0.014083 2.000000 2.000000 2.000000 1.932814 
 0.014167 2.000000 2.000000 2.000000 1.932814 
 0.014250 2.000000 2.000000 2.000000 1.920686 
 0.014333 2.000000 2.000000 2.000000 1.914770 
 0.014417 2.000000 2.000000 2.000000 1.932378 
 0.014500 2.000000 2.000000 2.000000 1.935934 
 0.014583 2.000000 2.000000 2.000000 1.933208 
 0.014667 2.000000 2.000000 2.000000 1.939828 
 0.014750 2.000000 2.000000 2.000000 1.944259 
 0.014833 2.000000 2.000000 2.000000 1.944259 
 0.014917 2.000000 2.000000 2.000000 1.934757 
 0.015000 2.000000 2.000000 2.000000 1.932559 
 0.015083 2.000000 2.000000 2.000000 1.935606 
 0.015167 2.000000 2.000000 2.000000 1.937640 
 0.015250 2.000000 2.000000 2.000000 1.923896 
 0.015333 2.000000 2.000000 2.000000 1.923896 
 0.015417 2.000000 2.000000 2.000000 1.928126 
 0.015500 2.000000 2.000000 2.000000 1.942746 
 0.015583 2.000000 2.000000 2.000000 1.934723 
 0.015667 2.000000 2.000000 2.000000 1.953025 
 0.015750 2.000000 2.000000 2.000000 1.930553 
 0.015833 2.000000 2.000000 2.000000 1.929287 
 0.015917 2.000000 2.000000 2.000000 1.919043 
 0.016000 2.000000 2.000000 2.000000 1.928123 
 0.016083 2.000000 2.000000 2.000000 1.926015 
 0.016167 2.000000 2.000000 2.000000 1.903797 
 0.016250 2.000000 2.000000 2.000000 1.913702 
 0.016333 2.000000 2.000000 2.000000 1.933820 
 0.016417 2.000000 2.000000 2.000000 1.912790 
 0.016500 2.000000 2.000000 2.000000 1.931709 
 0.016583 2.000000 2.000000 2.000000 1.920841 
 0.016667 2.000000 2.000000 2.000000 1.930744 
 0.016750 2.000000 2.000000 2.000000 1.920089 
 0.016833 2.000000 2.000000 2.000000 1.919997 
 0.016917 2.000000 2.000000 2.000000 1.920228 
 0.017000 2.000000 2.000000 2.000000 1.920228 
 0.017083 2.000000 2.000000 2.000000 1.954204 
 0.017167 2.000000 2.000000 2.000000 1.932484 
 0.017250 2.000000 2.000000 2.000000 1.932828 
 0.017333 2.000000 2.000000 2.000000 1.933860 
 0.017417 2.000000 2.000000 2.000000 1.945919 
 0.017500 2.000000 2.000000 2.000000 1.935609 
 0.017583 2.000000 2.000000 2.000000 1.925489 
 0.017667 2.000000 2.000000 2.000000 1.913398 
 0.017750 2.000000 2.000000 2.000000 1.927464 
 0.017833 2.000000 2.000000 2.000000 1.918510 
 0.017917 2.000000 2.000000 2.000000 1.943735 
 0.018000 2.000000 2.000000 2.000000 1.932407 
 0.018083 2.000000 2.000000 2.000000 1.961256 
 0.018167 2.000000 2.000000 2.000000 1.936892 
 0.018250 2.000000 2.000000 2.000000 1.915511 
 0.018333 2.000000 2.000000 2.000000 1.945686 
 0.018417 2.000000 2.000000 2.000000 1.936376 
 0.018500 2.000000 2.000000 2.000000 1.938369 
 0.018583 2.000000 2.000000 2.000000 1.942869 
 0.018667 2.000000 2.000000 2.000000 1.947364 
 0.018750 2.000000 2.000000 2.000000 1.938288 
 0.018833 2.000000 2.000000 2.000000 1.938288 
 0.018917 2.000000 2.000000 2.000000 1.931611 
 0.019000 2.000000 2.000000 2.000000 1.951331 
 0.019083 2.000000 2.000000 2.000000 1.972119 
 0.019167 2.000000 2.000000 2.000000 1.963163 
 0.019250 2.000000 2.000000 2.000000 1.957865 
 0.019333 2.000000 2.000000 2.000000 1.957865 
 0.019417 2.000000 2.000000 2.000000 1.945975 
 0.019500 2.000000 2.000000 2.000000 1.952664 
 0.019583 2.000000 2.000000 2.000000 1.951091 
 0.019667 2.000000 2.000000 2.000000 1.939068 
 0.019750 2.000000 2.000000 2.000000 1.929690 
 0.019833 2.000000 2.000000 2.000000 1.909298 
 0.019917 2.000000 2.000000 2.000000 1.929337 
 0.020000 2.000000 2.000000 2.000000 1.937320 
 0.020083 2.000000 2.000000 2.000000 1.974479 
 0.020167 2.000000 2.000000 2.000000 1.937966 
 0.020250 2.000000 2.000000 2.000000 1.945745 
 0.020333 2.000000 2.000000 2.000000 1.963549 
 0.020417 2.000000 2.000000 2.000000 1.948386 
 0.020500 2.000000 2.000000 2.000000 1.945521 
 0.020583 2.000000 2.000000 2.000000 1.955301 
 0.020667 2.000000 2.000000 2.000000 1.965057 
 0.020750 2.000000 2.000000 2.000000 1.950885 
 0.020833 2.000000 2.000000 2.000000 1.973389 
 0.020917 2.000000 2.000000 2.000000 1.954375 
 0.021000 2.000000 2.000000 2.000000 1.947377 
 0.021083 2.000000 2.000000 2.000000 1.994191 
 0.021167 2.000000 2.000000 2.000000 1.951605 
 0.021250 2.000000 2.000000 2.000000 1.932338 
 0.021333 2.000000 2.000000 2.000000 1.937406 
 0.021417 2.000000 2.000000 2.000000 1.936811 
 0.021500 2.000000 2.000000 2.000000 1.936445 
 0.021583 2.000000 2.000000 2.000000 1.942586 
 0.021667 2.000000 2.000000 2.000000 1.967421 
 0.021750 2.000000 2.000000 2.000000 1.949200 
 0.021833 2.000000 2.000000 2.000000 1.943293 
 0.021917 2.000000 2.000000 2.000000 1.968650 
 0.022000 2.000000 2.000000 2.000000 1.950617 
 0.022083 2.000000 2.000000 2.000000 1.958397 
 0.022167 2.000000 2.000000 2.000000 2.029771 
 0.022250 2.000000 2.000000 2.000000 2.024829 
 0.022333 2.000000 2.000000 2.000000 1.947237 
 0.022417 2.000000 2.000000 2.000000 1.921871 
 0.022500 2.000000 2.000000 2.000000 1.931356 
 0.022583 2.000000 2.000000 2.000000 1.900788 
 0.022667 2.000000 2.000000 2.000000 1.876291 
 0.022750 2.000000 2.000000 2.000000 1.905396 
 0.022833 2.000000 2.000000 2.000000 1.896371 
 0.022917 2.000000 2.000000 2.000000 1.926684 
 0.023000 2.000000 2.000000 2.000000 1.926084 
 0.023083 2.000000 2.000000 2.000000 1.941598 
 0.023167 2.000000 2.000000 2.000000 1.945727 
 0.023250 2.000000 2.000000 2.000000 1.949564 
 0.023333 2.000000 2.000000 2.000000 1.954126 
 0.023417 2.000000 2.000000 2.000000 1.958416 
 0.023500 2.000000 2.000000 2.000000 1.951408 
 0.023583 2.000000 2.000000 2.000000 1.964760 
 0.023667 2.000000 2.000000 2.000000 1.940913 
 0.023750 2.000000 2.000000 2.000000 1.934149 
 0.023833 2.000000 2.000000 2.000000 1.948957 
 0.023917 2.000000 2.000000 2.000000 1.922015 
 0.024000 2.000000 2.000000 2.000000 1.928391 
 0.024083 2.000000 2.000000 2.000000 1.866650 
 0.024167 2.000000 2.000000 2.000000 1.917868 
 0.024250 2.000000 2.000000 2.000000 1.912893 
 0.024333 2.000000 2.000000 2.000000 1.941249 
 0.024417 2.000000 2.000000 2.000000 1.946501 
 0.024500 2.000000 2.000000 2.000000 1.975413 
 0.024583 2.000000 2.000000 2.000000 1.929488 
 0.024667 2.000000 2.000000 2.000000 1.926295 
 0.024750 2.000000 2.000000 2.000000 1.944534 
 0.024833 2.000000 2.000000 2.000000 1.951840 
 0.024917 2.000000 2.000000 2.000000 1.938561 
 0.025000 2.000000 2.000000 2.000000 1.947624 
 0.025083 2.000000 2.000000 2.000000 1.957230 
 0.025167 2.000000 2.000000 2.000000 1.935173 
 0.025250 2.000000 2.000000 2.000000 1.945253 
 0.025333 2.000000 2.000000 2.000000 1.954807 
 0.025417 2.000000 2.000000 2.000000 1.932718 
 0.025500 2.000000 2.000000 2.000000 1.932422 
 0.025583 2.000000 2.000000 2.000000 1.921307 
 0.025667 2.000000 2.000000 2.000000 1.910983 
 0.025750 2.000000 2.000000 2.000000 1.911435 
 0.025833 2.000000 2.000000 2.000000 1.901864 
 0.025917 2.000000 2.000000 2.000000 1.935472 
 0.026000 2.000000 2.000000 2.000000 1.936895 
 0.026083 2.000000 2.000000 2.000000 1.927842 
 0.026167 2.000000 2.000000 2.000000 1.941031 
 0.026250 2.000000 2.000000 2.000000 1.943739 
 0.026333 2.000000 2.000000 2.000000 1.977529 
 0.026417 2.000000 2.000000 2.000000 1.959501 
 0.026500 2.000000 2.000000 2.000000 1.993645 
 0.026583 2.000000 2.000000 2.000000 1.955041 
 0.026667 2.000000 2.000000 2.000000 1.968424 
 0.026750 2.000000 2.000000 2.000000 1.942174 
 0.026833 2.000000 2.000000 2.000000 1.958095 
 0.026917 2.000000 2.000000 2.000000 1.921526 
 0.027000 2.000000 2.000000 2.000000 1.924015 
 0.027083 2.000000 2.000000 2.000000 1.929677 
 0.027167 2.000000 2.000000 2.000000 1.923434 
 0.027250 2.000000 2.000000 2.000000 1.929671 
 0.027333 2.000000 2.000000 2.000000 1.923995 
 0.027417 2.000000 2.000000 2.000000 1.927301 
 0.027500 2.000000 2.000000 2.000000 1.913546 
 0.027583 2.000000 2.000000 2.000000 1.920689 
 0.027667 2.000000 2.000000 2.000000 1.948373 
 0.027750 2.000000 2.000000 2.000000 1.935697 
 0.027833 2.000000 2.000000 2.000000 1.943687 
 0.027917 2.000000 2.000000 2.000000 1.951890 
 0.028000 2.000000 2.000000 2.000000 1.952546 
 0.028083 2.000000 2.000000 2.000000 1.961490 
 0.028167 2.000000 2.000000 2.000000 1.970667 
 0.028250 2.000000 2.000000 2.000000 1.980056 
 0.028333 2.000000 2.000000 2.000000 1.982427 
 0.028417 2.000000 2.000000 2.000000 1.980258 
 0.028500 2.000000 2.000000 2.000000 1.971263 
 0.028583 2.000000 2.000000 2.000000 1.950573 
 0.028667 2.000000 2.000000 2.000000 1.955989 
 0.028750 2.000000 2.000000 2.000000 1.967995 
 0.028833 2.000000 2.000000 2.000000 1.960524 
 0.028917 2.000000 2.000000 2.000000 1.953039 
 0.029000 2.000000 2.000000 2.000000 1.971353 
 0.029083 2.000000 2.000000 2.000000 1.939910 
 0.029167 2.000000 2.000000 2.000000 1.940208 
 0.029250 2.000000 2.000000 2.000000 1.927807 
 0.029333 2.000000 2.000000 2.000000 1.946642 
 0.029417 2.000000 2.000000 2.000000 1.941009 
 0.029500 2.000000 2.000000 2.000000 1.949253 
 0.029583 2.000000 2.000000 2.000000 1.937686 
 0.029667 2.000000 2.000000 2.000000 1.939687 
 0.029750 2.000000 2.000000 2.000000 1.935959 
 0.029833 2.000000 2.000000 2.000000 1.945889 
 0.029917 2.000000 2.000000 2.000000 1.964583 
 0.030000 2.000000 2.000000 2.000000 1.967682 
 0.030083 2.000000 2.000000 2.000000 1.969604 
 0.030167 2.000000 2.000000 2.000000 1.944828 
 0.030250 2.000000 2.000000 2.000000 1.931509 
 0.030333 2.000000 2.000000 2.000000 1.919780 
 0.030417 2.000000 2.000000 2.000000 1.938929 
 0.030500 2.000000 2.000000 2.000000 1.933044 
 0.030583 2.000000 2.000000 2.000000 1.937573 
 0.030667 2.000000 2.000000 2.000000 1.927774 
 0.030750 2.000000 2.000000 2.000000 1.944753 
 0.030833 2.000000 2.000000 2.000000 1.941817 
 0.030917 2.000000 2.000000 2.000000 1.984606 
 0.031000 2.000000 2.000000 2.000000 1.950782 
 0.031083 2.000000 2.000000 2.000000 1.940333 
 0.031167 2.000000 2.000000 2.000000 1.935726 
 0.031250 2.000000 2.000000 2.000000 1.934793 
 0.031333 2.000000 2.000000 2.000000 1.915579 
 0.031417 2.000000 2.000000 2.000000 1.911589 
 0.031500 2.000000 2.000000 2.000000 1.905018 
 0.031583 2.000000 2.000000 2.000000 1.902249 
 0.031667 2.000000 2.000000 2.000000 1.888458 
 0.031750 2.000000 2.000000 2.000000 1.908516 
 0.031833 2.000000 2.000000 2.000000 1.927917 
 0.031917 2.000000 2.000000 2.000000 1.936455 
 0.032000 2.000000 2.000000 2.000000 1.923841 
 0.032083 2.000000 2.000000 2.000000 1.912520 
 0.032167 2.000000 2.000000 2.000000 1.912066 
 0.032250 2.000000 2.000000 2.000000 1.933472 
 0.032333 2.000000 2.000000 2.000000 1.933654 
 0.032417 2.000000 2.000000 2.000000 1.944472 
 0.032500 2.000000 2.000000 2.000000 1.966235 
 0.032583 2.000000 2.000000 2.000000 1.946181 
 0.032667 2.000000 2.000000 2.000000 1.927389 
 0.032750 2.000000 2.000000 2.000000 1.940208 
 0.032833 2.000000 2.000000 2.000000 1.942604 
 0.032917 2.000000 2.000000 2.000000 1.943408 
 0.033000 2.000000 2.000000 2.000000 1.957805 
 0.033083 2.000000 2.000000 2.000000 1.954582 
 0.033167 2.000000 2.000000 2.000000 1.918182 
 0.033250 2.000000 2.000000 2.000000 1.929820 
 0.033333 2.000000 2.000000 2.000000 1.908505 
 0.033417 2.000000 2.000000 2.000000 1.923140 
 0.033500 2.000000 2.000000 2.000000 1.919228 
 0.033583 2.000000 2.000000 2.000000 1.925228 
 0.033667 2.000000 2.000000 2.000000 1.928189 
 0.033750 2.000000 2.000000 2.000000 1.911772 
 0.033833 2.000000 2.000000 2.000000 1.918431 
 0.033917 2.000000 2.000000 2.000000 1.942729 
 0.034000 2.000000 2.000000 2.000000 1.941672 
 0.034083 2.000000 2.000000 2.000000 1.945407 
 0.034167 2.000000 2.000000 2.000000 1.941342 
 0.034250 2.000000 2.000000 2.000000 1.950045 
 0.034333 2.000000 2.000000 2.000000 1.955248 
 0.034417 2.000000 2.000000 2.000000 1.955622 
 0.034500 2.000000 2.000000 2.000000 1.957415 
 0.034583 2.000000 2.000000 2.000000 1.947570 
 0.034667 2.000000 2.000000 2.000000 1.945368 
 0.034750 2.000000 2.000000 2.000000 1.950090 
 0.034833 2.000000 2.000000 2.000000 1.953900 
 0.034917 2.000000 2.000000 2.000000 1.954874 
 0.035000 2.000000 2.000000 2.000000 1.951018 
 0.035083 2.000000 2.000000 2.000000 1.943020 
 0.035167 2.000000 2.000000 2.000000 1.936731 
 0.035250 2.000000 2.000000 2.000000 1.934963 
 0.035333 2.000000 2.000000 2.000000 1.935620 
 0.035417 2.000000 2.000000 2.000000 1.930074 
 0.035500 2.000000 2.000000 2.000000 1.938713 
 0.035583 2.000000 2.000000 2.000000 1.950568 
 0.035667 2.000000 2.000000 2.000000 1.938274 
 0.035750 2.000000 2.000000 2.000000 1.930994 
 0.035833 2.000000 2.000000 2.000000 1.932986 
 0.035917 2.000000 2.000000 2.000000 1.945005 
 0.036000 2.000000 2.000000 2.000000 1.937396 
 0.036083 2.000000 2.000000 2.000000 1.950662 
 0.036167 2.000000 2.000000 2.000000 1.957818 
 0.036250 2.000000 2.000000 2.000000 1.953217 
 0.036333 2.000000 2.000000 2.000000 1.932451 
 0.036417 2.000000 2.000000 2.000000 1.936141 
 0.036500 2.000000 2.000000 2.000000 1.942511 
 0.036583 2.000000 2.000000 2.000000 1.946002 
 0.036667 2.000000 2.000000 2.000000 1.939720 
 0.036750 2.000000 2.000000 2.000000 1.927367 
 0.036833 2.000000 2.000000 2.000000 1.919039 
 0.036917 2.000000 2.000000 2.000000 1.931585 
 0.037000 2.000000 2.000000 2.000000 1.924436 
 0.037083 2.000000 2.000000 2.000000 1.921710 
 0.037167 2.000000 2.000000 2.000000 1.923190 
 0.037250 2.000000 2.000000 2.000000 1.919448 
 0.037333 2.000000 2.000000 2.000000 1.927622 
 0.037417 2.000000 2.000000 2.000000 1.921659 
 0.037500 2.000000 2.000000 2.000000 1.925431 
 0.037583 2.000000 2.000000 2.000000 1.906527 
 0.037667 2.000000 2.000000 2.000000 1.904876 
 0.037750 2.000000 2.000000 2.000000 1.912688 
 0.037833 2.000000 2.000000 2.000000 1.900928 
 0.037917 2.000000 2.000000 2.000000 1.899849 
 0.038000 2.000000 2.000000 2.000000 1.910476 
 0.038083 2.000000 2.000000 2.000000 1.910823 
 0.038167 2.000000 2.000000 2.000000 1.911847 
 0.038250 2.000000 2.000000 2.000000 1.912969 
 0.038333 2.000000 2.000000 2.000000 1.904270 
 0.038417 2.000000 2.000000 2.000000 1.907107 
 0.038500 2.000000 2.000000 2.000000 1.933163 
 0.038583 2.000000 2.000000 2.000000 1.913525 
 0.038667 2.000000 2.000000 2.000000 1.929584 
 0.038750 2.000000 2.000000 2.000000 1.919911 
 0.038833 2.000000 2.000000 2.000000 1.939236 
 0.038917 2.000000 2.000000 2.000000 1.962579 
 0.039000 2.000000 2.000000 2.000000 1.918183 
 0.039083 2.000000 2.000000 2.000000 1.923280 
 0.039167 2.000000 2.000000 2.000000 1.931605 
 0.039250 2.000000 2.000000 2.000000 1.940537 
 0.039333 2.000000 2.000000 2.000000 1.923038 
 0.039417 2.000000 2.000000 2.000000 1.927876 
 0.039500 2.000000 2.000000 2.000000 1.947103 
 0.039583 2.000000 2.000000 2.000000 1.922210 
 0.039667 2.000000 2.000000 2.000000 1.925955 
 0.039750 2.000000 2.000000 2.000000 1.938856 
 0.039833 2.000000 2.000000 2.000000 1.960566 
 0.039917 2.000000 2.000000 2.000000 1.929327 
 0.040000 2.000000 2.000000 2.000000 1.943601 
 0.040083 2.000000 2.000000 2.000000 1.929113 
 0.040167 2.000000 2.000000 2.000000 1.944390 
 0.040250 2.000000 2.000000 2.000000 1.935686 
 0.040333 2.000000 2.000000 2.000000 1.934395 
 0.040417 2.000000 2.000000 2.000000 1.950914 
 0.040500 2.000000 2.000000 2.000000 1.950364 
 0.040583 2.000000 2.000000 2.000000 1.936676 
 0.040667 2.000000 2.000000 2.000000 1.924459 
 0.040750 2.000000 2.000000 2.000000 1.936077 
 0.040833 2.000000 2.000000 2.000000 1.950266 
 0.040917 2.000000 2.000000 2.000000 2.004262 
 0.041000 2.000000 2.000000 2.000000 1.958665 
 0.041083 2.000000 2.000000 2.000000 1.926812 
 0.041167 2.000000 2.000000 2.000000 1.924248 
 0.041250 2.000000 2.000000 2.000000 1.939547 
 0.041333 2.000000 2.000000 2.000000 1.886135 
 0.041417 2.000000 2.000000 2.000000 1.898575 
 0.041500 2.000000 2.000000 2.000000 1.934520 
 0.041583 2.000000 2.000000 2.000000 1.908056 
 0.041667 2.000000 2.000000 2.000000 1.929392 
 0.041750 2.000000 2.000000 2.000000 1.925374 
 0.041833 2.000000 2.000000 2.000000 1.944694 
 0.041917 2.000000 2.000000 2.000000 1.942964 
 0.042000 2.000000 2.000000 2.000000 1.934393 
 0.042083 2.000000 2.000000 2.000000 1.925478 
 0.042167 2.000000 2.000000 2.000000 1.929849 
 0.042250 2.000000 2.000000 2.000000 1.910658 
 0.042333 2.000000 2.000000 2.000000 1.904631 
 0.042417 2.000000 2.000000 2.000000 1.909852 
 0.042500 2.000000 2.000000 2.000000 1.905255 
 0.042583 2.000000 2.000000 2.000000 1.912745 
 0.042667 2.000000 2.000000 2.000000 1.930734 
 0.042750 2.000000 2.000000 2.000000 1.926985 
 0.042833 2.000000 2.000000 2.000000 1.913935 
 0.042917 2.000000 2.000000 2.000000 1.911569 
 0.043000 2.000000 2.000000 2.000000 1.900566 
 0.043083 2.000000 2.000000 2.000000 1.899903 
 0.043167 2.000000 2.000000 2.000000 1.900635 
 0.043250 2.000000 2.000000 2.000000 1.923057 
 0.043333 2.000000 2.000000 2.000000 1.914752 
 0.043417 2.000000 2.000000 2.000000 1.938772 
 0.043500 2.000000 2.000000 2.000000 1.952296 
 0.043583 2.000000 2.000000 2.000000 1.923603 
 0.043667 2.000000 2.000000 2.000000 1.907263 
 0.043750 2.000000 2.000000 2.000000 1.879974 
 0.043833 2.000000 2.000000 2.000000 1.916688 
 0.043917 2.000000 2.000000 2.000000 1.922999 
 0.044000 2.000000 2.000000 2.000000 1.942171 
 0.044083 2.000000 2.000000 2.000000 1.929271 
 0.044167 2.000000 2.000000 2.000000 1.896724 
 0.044250 2.000000 2.000000 2.000000 1.959258 
 0.044333 2.000000 2.000000 2.000000 1.949137 
 0.044417 2.000000 2.000000 2.000000 1.939637 
 0.044500 2.000000 2.000000 2.000000 1.931097 
 0.044583 2.000000 2.000000 2.000000 1.935739 
 0.044667 2.000000 2.000000 2.000000 1.936507 
 0.044750 2.000000 2.000000 2.000000 1.923366 
 0.044833 2.000000 2.000000 2.000000 1.925399 
 0.044917 2.000000 2.000000 2.000000 1.948124 
 0.045000 2.000000 2.000000 2.000000 1.958531 
 0.045083 2.000000 2.000000 2.000000 1.956436 
 0.045167 2.000000 2.000000 2.000000 1.942036 
 0.045250 2.000000 2.000000 2.000000 1.958825 
 0.045333 2.000000 2.000000 2.000000 1.940063 
 0.045417 2.000000 2.000000 2.000000 1.975556 
 0.045500 2.000000 2.000000 2.000000 1.927501 
 0.045583 2.000000 2.000000 2.000000 1.982432 
 0.045667 2.000000 2.000000 2.000000 1.953936 
 0.045750 2.000000 2.000000 2.000000 1.919006 
 0.045833 2.000000 2.000000 2.000000 1.945708 
 0.045917 2.000000 2.000000 2.000000 1.965538 
 0.046000 2.000000 2.000000 2.000000 1.951834 
 0.046083 2.000000 2.000000 2.000000 1.947838 
 0.046167 2.000000 2.000000 2.000000 1.963821 
 0.046250 2.000000 2.000000 2.000000 1.940780 
 0.046333 2.000000 2.000000 2.000000 1.953905 
 0.046417 2.000000 2.000000 2.000000 1.940324 
 0.046500 2.000000 2.000000 2.000000 1.939515 
 0.046583 2.000000 2.000000 2.000000 1.927113 
 0.046667 2.000000 2.000000 2.000000 1.939888 
 0.046750 2.000000 2.000000 2.000000 1.927039 
 0.046833 2.000000 2.000000 2.000000 1.931986 
 0.046917 2.000000 2.000000 2.000000 1.933988 
 0.047000 2.000000 2.000000 2.000000 1.861760 
 0.047083 2.000000 2.000000 2.000000 1.871130 
 0.047167 2.000000 2.000000 2.000000 1.912325 
 0.047250 2.000000 2.000000 2.000000 1.930822 
 0.047333 2.000000 2.000000 2.000000 1.916360 
 0.047417 2.000000 2.000000 2.000000 1.923390 
 0.047500 2.000000 2.000000 2.000000 1.933743 
 0.047583 2.000000 2.000000 2.000000 1.941071 
 0.047667 2.000000 2.000000 2.000000 1.921472 
 0.047750 2.000000 2.000000 2.000000 1.911242 
 0.047833 2.000000 2.000000 2.000000 1.922271 
 0.047917 2.000000 2.000000 2.000000 1.954827 
 0.048000 2.000000 2.000000 2.000000 1.910280 
 0.048083 2.000000 2.000000 2.000000 1.917450 
 0.048167 2.000000 2.000000 2.000000 1.920958 
 0.048250 2.000000 2.000000 2.000000 1.921532 
 0.048333 2.000000 2.000000 2.000000 1.928424 
 0.048417 2.000000 2.000000 2.000000 1.936307 
 0.048500 2.000000 2.000000 2.000000 1.950841 
 0.048583 2.000000 2.000000 2.000000 1.958969 
 0.048667 2.000000 2.000000 2.000000 1.939706 
 0.048750 2.000000 2.000000 2.000000 1.945636 
 0.048833 2.000000 2.000000 2.000000 1.948831 
 0.048917 2.000000 2.000000 2.000000 1.947595 
 0.049000 2.000000 2.000000 2.000000 1.932416 
 0.049083 2.000000 2.000000 2.000000 1.939948 
 0.049167 2.000000 2.000000 2.000000 1.944055 
 0.049250 2.000000 2.000000 2.000000 1.959776 
 0.049333 2.000000 2.000000 2.000000 1.959669 
 0.049417 2.000000 2.000000 2.000000 1.962933 
 0.049500 2.000000 2.000000 2.000000 1.967741 
 0.049583 2.000000 2.000000 2.000000 1.965449 
 0.049667 2.000000 2.000000 2.000000 1.959273 
 0.049750 2.000000 2.000000 2.000000 1.965915 
 0.049833 2.000000 2.000000 2.000000 1.972532 
 0.049917 2.000000 2.000000 2.000000 1.973568 
 0.050000 2.000000 2.000000 2.000000 1.975372 
 0.050083 2.000000 2.000000 2.000000 1.962283 
 0.050167 2.000000 2.000000 2.000000 1.955512 
 0.050250 2.000000 2.000000 2.000000 1.954937 
 0.050333 2.000000 2.000000 2.000000 1.958556 
 0.050417 2.000000 2.000000 2.000000 1.957894 
 0.050500 2.000000 2.000000 2.000000 1.959332 
 0.050583 2.000000 2.000000 2.000000 1.944931 
 0.050667 2.000000 2.000000 2.000000 1.947073 
 0.050750 2.000000 2.000000 2.000000 1.949124 
 0.050833 2.000000 2.000000 2.000000 1.949812 
 0.050917 2.000000 2.000000 2.000000 1.929608 
 0.051000 2.000000 2.000000 2.000000 1.939369 
 0.051083 2.000000 2.000000 2.000000 1.931830 
 0.051167 2.000000 2.000000 2.000000 1.944622 
 0.051250 2.000000 2.000000 2.000000 1.946722 
 0.051333 2.000000 2.000000 2.000000 1.924205 
 0.051417 2.000000 2.000000 2.000000 1.917130 
 0.051500 2.000000 2.000000 2.000000 1.906780 
 0.051583 2.000000 2.000000 2.000000 1.900045 
 0.051667 2.000000 2.000000 2.000000 1.910308 
 0.051750 2.000000 2.000000 2.000000 1.881685 
 0.051833 2.000000 2.000000 2.000000 1.929689 
 0.051917 2.000000 2.000000 2.000000 1.928036 
 0.052000 2.000000 2.000000 2.000000 1.932812 
 0.052083 2.000000 2.000000 2.000000 1.924767 
 0.052167 2.000000 2.000000 2.000000 1.958079 
 0.052250 2.000000 2.000000 2.000000 1.949457 
 0.052333 2.000000 2.000000 2.000000 1.945942 
 0.052417 2.000000 2.000000 2.000000 1.977434 
 0.052500 2.000000 2.000000 2.000000 1.964319 
 0.052583 2.000000 2.000000 2.000000 1.962937 
 0.052667 2.000000 2.000000 2.000000 1.972336 
 0.052750 2.000000 2.000000 2.000000 1.972776 
 0.052833 2.000000 2.000000 2.000000 1.978799 
 0.052917 2.000000 2.000000 2.000000 1.965500 
 0.053000 2.000000 2.000000 2.000000 1.965709 
 0.053083 2.000000 2.000000 2.000000 1.981506 
 0.053167 2.000000 2.000000 2.000000 1.966385 
 0.053250 2.000000 2.000000 2.000000 1.965597 
 0.053333 2.000000 2.000000 2.000000 1.939082 
 0.053417 2.000000 2.000000 2.000000 1.944247 
 0.053500 2.000000 2.000000 2.000000 1.978258 
 0.053583 2.000000 2.000000 2.000000 1.979791 
 0.053667 2.000000 2.000000 2.000000 1.992068 
 0.053750 2.000000 2.000000 2.000000 1.977803 
 0.053833 2.000000 2.000000 2.000000 1.991181 
 0.053917 2.000000 2.000000 2.000000 1.983964 
 0.054000 2.000000 2.000000 2.000000 1.989466 
 0.054083 2.000000 2.000000 2.000000 1.975385 
 0.054167 2.000000 2.000000 2.000000 1.988774 
 0.054250 2.000000 2.000000 2.000000 1.954745 
 0.054333 2.000000 2.000000 2.000000 1.970616 
 0.054417 2.000000 2.000000 2.000000 1.953786 
 0.054500 2.000000 2.000000 2.000000 1.942970 
 0.054583 2.000000 2.000000 2.000000 1.932270 
 0.054667 2.000000 2.000000 2.000000 1.937730 
 0.054750 2.000000 2.000000 2.000000 1.924914 
 0.054833 2.000000 2.000000 2.000000 1.935669 
 0.054917 2.000000 2.000000 2.000000 1.945117 
 0.055000 2.000000 2.000000 2.000000 1.939233 
 0.055083 2.000000 2.000000 2.000000 1.957808 
 0.055167 2.000000 2.000000 2.000000 1.952499 
 0.055250 2.000000 2.000000 2.000000 1.912573 
 0.055333 2.000000 2.000000 2.000000 1.930887 
 0.055417 2.000000 2.000000 2.000000 1.923605 
 0.055500 2.000000 2.000000 2.000000 1.922835 
 0.055583 2.000000 2.000000 2.000000 1.951197 
 0.055667 2.000000 2.000000 2.000000 1.942019 
 0.055750 2.000000 2.000000 2.000000 1.940183 
 0.055833 2.000000 2.000000 2.000000 1.955285 
 0.055917 2.000000 2.000000 2.000000 1.957132 
 0.056000 2.000000 2.000000 2.000000 1.932205 
 0.056083 2.000000 2.000000 2.000000 1.936769 
 0.056167 2.000000 2.000000 2.000000 1.952564 
 0.056250 2.000000 2.000000 2.000000 1.940713 
 0.056333 2.000000 2.000000 2.000000 1.963168 
 0.056417 2.000000 2.000000 2.000000 1.981163 
 0.056500 2.000000 2.000000 2.000000 1.994321 
 0.056583 2.000000 2.000000 2.000000 2.001881 
 0.056667 2.000000 2.000000 2.000000 1.984952 
 0.056750 2.000000 2.000000 2.000000 1.985866 
 0.056833 2.000000 2.000000 2.000000 1.979199 
 0.056917 2.000000 2.000000 2.000000 1.981743 
 0.057000 2.000000 2.000000 2.000000 1.984417 
 0.057083 2.000000 2.000000 2.000000 1.974571 
 0.057167 2.000000 2.000000 2.000000 1.991113 
 0.057250 2.000000 2.000000 2.000000 1.972327 
 0.057333 2.000000 2.000000 2.000000 1.977858 
 0.057417 2.000000 2.000000 2.000000 1.980298 
 0.057500 2.000000 2.000000 2.000000 1.963071 
 0.057583 2.000000 2.000000 2.000000 1.965481 
 0.057667 2.000000 2.000000 2.000000 1.974385 
 0.057750 2.000000 2.000000 2.000000 1.955511 
 0.057833 2.000000 2.000000 2.000000 1.961226 
 0.057917 2.000000 2.000000 2.000000 1.949021 
 0.058000 2.000000 2.000000 2.000000 1.956818 
 0.058083 2.000000 2.000000 2.000000 1.946264 
 0.058167 2.000000 2.000000 2.000000 1.964582 
 0.058250 2.000000 2.000000 2.000000 1.929940 
 0.058333 2.000000 2.000000 2.000000 1.941778 
 0.058417 2.000000 2.000000 2.000000 1.935672 
 0.058500 2.000000 2.000000 2.000000 1.924075 
 0.058583 2.000000 2.000000 2.000000 1.941879 
 0.058667 2.000000 2.000000 2.000000 1.921949 
 0.058750 2.000000 2.000000 2.000000 1.897061 
 0.058833 2.000000 2.000000 2.000000 1.916137 
 0.058917 2.000000 2.000000 2.000000 1.929386 
 0.059000 2.000000 2.000000 2.000000 1.916021 
 0.059083 2.000000 2.000000 2.000000 1.921566 
 0.059167 2.000000 2.000000 2.000000 1.932916 
 0.059250 2.000000 2.000000 2.000000 1.941808 
 0.059333 2.000000 2.000000 2.000000 1.954328 
 0.059417 2.000000 2.000000 2.000000 1.936665 
 0.059500 2.000000 2.000000 2.000000 1.952184 
 0.059583 2.000000 2.000000 2.000000 1.938737 
 0.059667 2.000000 2.000000 2.000000 1.937364 
 0.059750 2.000000 2.000000 2.000000 1.947761 
 0.059833 2.000000 2.000000 2.000000 1.968582 
 0.059917 2.000000 2.000000 2.000000 1.967816 
 0.060000 2.000000 2.000000 2.000000 1.975474 
 0.060083 2.000000 2.000000 2.000000 1.974815 
 0.060167 2.000000 2.000000 2.000000 1.966249 
 0.060250 2.000000 2.000000 2.000000 1.971931 
 0.060333 2.000000 2.000000 2.000000 1.977547 
 0.060417 2.000000 2.000000 2.000000 1.996982 
 0.060500 2.000000 2.000000 2.000000 1.981326 
 0.060583 2.000000 2.000000 2.000000 1.976175 
 0.060667 2.000000 2.000000 2.000000 1.972083 
 0.060750 2.000000 2.000000 2.000000 1.954021 
 0.060833 2.000000 2.000000 2.000000 1.972681 
 0.060917 2.000000 2.000000 2.000000 1.963090 
 0.061000 2.000000 2.000000 2.000000 1.954308 
 0.061083 2.000000 2.000000 2.000000 1.955924 
 0.061167 2.000000 2.000000 2.000000 1.943305 
 0.061250 2.000000 2.000000 2.000000 1.938057 
 0.061333 2.000000 2.000000 2.000000 1.932758 
 0.061417 2.000000 2.000000 2.000000 1.926427 
 0.061500 2.000000 2.000000 2.000000 1.935510 
 0.061583 2.000000 2.000000 2.000000 1.924127 
 0.061667 2.000000 2.000000 2.000000 1.929109 
 0.061750 2.000000 2.000000 2.000000 1.942873 
 0.061833 2.000000 2.000000 2.000000 1.941942 
 0.061917 2.000000 2.000000 2.000000 1.937998 
 0.062000 2.000000 2.000000 2.000000 1.930611 
 0.062083 2.000000 2.000000 2.000000 1.919850 
 0.062167 2.000000 2.000000 2.000000 1.925145 
 0.062250 2.000000 2.000000 2.000000 1.916749 
 0.062333 2.000000 2.000000 2.000000 1.924960 
 0.062417 2.000000 2.000000 2.000000 1.930854 
 0.062500 2.000000 2.000000 2.000000 1.920835 
 0.062583 2.000000 2.000000 2.000000 1.918164 
 0.062667 2.000000 2.000000 2.000000 1.923149 
 0.062750 2.000000 2.000000 2.000000 1.924637 
 0.062833 2.000000 2.000000 2.000000 1.923466 
 0.062917 2.000000 2.000000 2.000000 1.942542 
 0.063000 2.000000 2.000000 2.000000 1.941551 
 0.063083 2.000000 2.000000 2.000000 1.953084 
 0.063167 2.000000 2.000000 2.000000 1.973335 
 0.063250 2.000000 2.000000 2.000000 1.960185 
 0.063333 2.000000 2.000000 2.000000 1.984425 
 0.063417 2.000000 2.000000 2.000000 1.982568 
 0.063500 2.000000 2.000000 2.000000 1.974757 
 0.063583 2.000000 2.000000 2.000000 1.991293 
 0.063667 2.000000 2.000000 2.000000 2.002869 
 0.063750 2.000000 2.000000 2.000000 1.989918 
 0.063833 2.000000 2.000000 2.000000 1.969016 
 0.063917 2.000000 2.000000 2.000000 1.981781 
 0.064000 2.000000 2.000000 2.000000 1.950416 
 0.064083 2.000000 2.000000 2.000000 1.959339 
 0.064167 2.000000 2.000000 2.000000 1.942076 
 0.064250 2.000000 2.000000 2.000000 1.934402 
 0.064333 2.000000 2.000000 2.000000 1.945547 
 0.064417 2.000000 2.000000 2.000000 1.927996 
 0.064500 2.000000 2.000000 2.000000 1.922305 
 0.064583 2.000000 2.000000 2.000000 1.939761 
 0.064667 2.000000 2.000000 2.000000 1.920772 
 0.064750 2.000000 2.000000 2.000000 1.909867 
 0.064833 2.000000 2.000000 2.000000 1.914811 
 0.064917 2.000000 2.000000 2.000000 1.928457 
 0.065000 2.000000 2.000000 2.000000 1.844138 
 0.065083 2.000000 2.000000 2.000000 1.912753 
 0.065167 2.000000 2.000000 2.000000 1.938419 
 0.065250 2.000000 2.000000 2.000000 1.914612 
 0.065333 2.000000 2.000000 2.000000 1.950884 
 0.065417 2.000000 2.000000 2.000000 1.912730 
 0.065500 2.000000 2.000000 2.000000 1.943009 
 0.065583 2.000000 2.000000 2.000000 1.942819 
 0.065667 2.000000 2.000000 2.000000 1.923525 
 0.065750 2.000000 2.000000 2.000000 1.947727 
 0.065833 2.000000 2.000000 2.000000 1.953414 
 0.065917 2.000000 2.000000 2.000000 1.970421 
 0.066000 2.000000 2.000000 2.000000 1.935598 
 0.066083 2.000000 2.000000 2.000000 1.934524 
 0.066167 2.000000 2.000000 2.000000 1.959014 
 0.066250 2.000000 2.000000 2.000000 1.949665 
 0.066333 2.000000 2.000000 2.000000 1.945484 
 0.066417 2.000000 2.000000 2.000000 1.959651 
 0.066500 2.000000 2.000000 2.000000 1.979481 
 0.066583 2.000000 2.000000 2.000000 2.024701 
 0.066667 2.000000 2.000000 2.000000 1.979560 
 0.066750 2.000000 2.000000 2.000000 1.998407 
 0.066833 2.000000 2.000000 2.000000 1.969169 
 0.066917 2.000000 2.000000 2.000000 1.958935 
 0.067000 2.000000 2.000000 2.000000 1.933600 
 0.067083 2.000000 2.000000 2.000000 1.938833 
 0.067167 2.000000 2.000000 2.000000 1.940941 
 0.067250 2.000000 2.000000 2.000000 1.958255 
 0.067333 2.000000 2.000000 2.000000 1.952885 
 0.067417 2.000000 2.000000 2.000000 1.945356 
 0.067500 2.000000 2.000000 2.000000 1.948354 
 0.067583 2.000000 2.000000 2.000000 1.929329 
 0.067667 2.000000 2.000000 2.000000 1.939180 
 0.067750 2.000000 2.000000 2.000000 1.925268 
 0.067833 2.000000 2.000000 2.000000 1.911357 
 0.067917 2.000000 2.000000 2.000000 1.921521 
 0.068000 2.000000 2.000000 2.000000 1.920756 
 0.068083 2.000000 2.000000 2.000000 1.941438 
 0.068167 2.000000 2.000000 2.000000 1.934972 
 0.068250 2.000000 2.000000 2.000000 1.927404 
 0.068333 2.000000 2.000000 2.000000 1.923896 
 0.068417 2.000000 2.000000 2.000000 1.910190 
 0.068500 2.000000 2.000000 2.000000 1.911804 
 0.068583 2.000000 2.000000 2.000000 1.926127 
 0.068667 2.000000 2.000000 2.000000 1.943268 
 0.068750 2.000000 2.000000 2.000000 1.948016 
 0.068833 2.000000 2.000000 2.000000 1.958968 
 0.068917 2.000000 2.000000 2.000000 1.951951 
 0.069000 2.000000 2.000000 2.000000 1.937390 
 0.069083 2.000000 2.000000 2.000000 1.943051 
 0.069167 2.000000 2.000000 2.000000 1.951239 
 0.069250 2.000000 2.000000 2.000000 1.952426 
 0.069333 2.000000 2.000000 2.000000 1.968928 
 0.069417 2.000000 2.000000 2.000000 1.980717 
 0.069500 2.000000 2.000000 2.000000 1.980261 
 0.069583 2.000000 2.000000 2.000000 1.975710 
 0.069667 2.000000 2.000000 2.000000 1.971998 
 0.069750 2.000000 2.000000 2.000000 1.971496 
 0.069833 2.000000 2.000000 2.000000 1.959825 
 0.069917 2.000000 2.000000 2.000000 1.956469 
 0.070000 2.000000 2.000000 2.000000 1.973428 
 0.070083 2.000000 2.000000 2.000000 1.970026 
 0.070167 2.000000 2.000000 2.000000 1.949731 
 0.070250 2.000000 2.000000 2.000000 1.959822 
 0.070333 2.000000 2.000000 2.000000 1.935650 
 0.070417 2.000000 2.000000 2.000000 1.925513 
 0.070500 2.000000 2.000000 2.000000 1.929759 
 0.070583 2.000000 2.000000 2.000000 1.930296 
 0.070667 2.000000 2.000000 2.000000 1.946586 
 0.070750 2.000000 2.000000 2.000000 1.929605 
 0.070833 2.000000 2.000000 2.000000 1.931559 
 0.070917 2.000000 2.000000 2.000000 1.926501 
 0.071000 2.000000 2.000000 2.000000 1.920537 
 0.071083 2.000000 2.000000 2.000000 1.919858 
 0.071167 2.000000 2.000000 2.000000 1.909560 
 0.071250 2.000000 2.000000 2.000000 1.922799 
 0.071333 2.000000 2.000000 2.000000 1.916164 
 0.071417 2.000000 2.000000 2.000000 1.917361 
 0.071500 2.000000 2.000000 2.000000 1.914420 
 0.071583 2.000000 2.000000 2.000000 1.922385 
 0.071667 2.000000 2.000000 2.000000 1.940104 
 0.071750 2.000000 2.000000 2.000000 1.938680 
 0.071833 2.000000 2.000000 2.000000 1.955302 
 0.071917 2.000000 2.000000 2.000000 1.969905 
 0.072000 2.000000 2.000000 2.000000 1.978150 
 0.072083 2.000000 2.000000 2.000000 1.984726 
 0.072167 2.000000 2.000000 2.000000 1.972301 
 0.072250 2.000000 2.000000 2.000000 1.987560 
 0.072333 2.000000 2.000000 2.000000 1.973122 
 0.072417 2.000000 2.000000 2.000000 1.998608 
 0.072500 2.000000 2.000000 2.000000 1.974706 
 0.072583 2.000000 2.000000 2.000000 1.947254 
 0.072667 2.000000 2.000000 2.000000 1.952874 
 0.072750 2.000000 2.000000 2.000000 1.988184 
 0.072833 2.000000 2.000000 2.000000 1.938133 
 0.072917 2.000000 2.000000 2.000000 1.933510 
 0.073000 2.000000 2.000000 2.000000 1.927307 
 0.073083 2.000000 2.000000 2.000000 1.930838 
 0.073167 2.000000 2.000000 2.000000 1.925540 
 0.073250 2.000000 2.000000 2.000000 1.931571 
 0.073333 2.000000 2.000000 2.000000 1.909915 
 0.073417 2.000000 2.000000 2.000000 1.953150 
 0.073500 2.000000 2.000000 2.000000 1.913503 
 0.073583 2.000000 2.000000 2.000000 1.974836 
 0.073667 2.000000 2.000000 2.000000 1.920472 
 0.073750 2.000000 2.000000 2.000000 1.912835 
 0.073833 2.000000 2.000000 2.000000 1.915869 
 0.073917 2.000000 2.000000 2.000000 1.904145 
 0.074000 2.000000 2.000000 2.000000 1.922493 
 0.074083 2.000000 2.000000 2.000000 1.937268 
 0.074167 2.000000 2.000000 2.000000 1.943509 
 0.074250 2.000000 2.000000 2.000000 1.900818 
 0.074333 2.000000 2.000000 2.000000 1.928204 
 0.074417 2.000000 2.000000 2.000000 1.971652 
 0.074500 2.000000 2.000000 2.000000 1.971073 
 0.074583 2.000000 2.000000 2.000000 1.950354 
 0.074667 2.000000 2.000000 2.000000 1.961978 
 0.074750 2.000000 2.000000 2.000000 1.966982 
 0.074833 2.000000 2.000000 2.000000 1.962986 
 0.074917 2.000000 2.000000 2.000000 1.989420 
 0.075000 2.000000 2.000000 2.000000 1.971617 
 0.075083 2.000000 2.000000 2.000000 1.980265 
 0.075167 2.000000 2.000000 2.000000 1.973128 
 0.075250 2.000000 2.000000 2.000000 1.950497 
 0.075333 2.000000 2.000000 2.000000 1.936337 
 0.075417 2.000000 2.000000 2.000000 1.939018 
 0.075500 2.000000 2.000000 2.000000 1.941441 
 0.075583 2.000000 2.000000 2.000000 1.903181 
 0.075667 2.000000 2.000000 2.000000 1.898462 
 0.075750 2.000000 2.000000 2.000000 1.871516 
 0.075833 2.000000 2.000000 2.000000 1.917732 
 0.075917 2.000000 2.000000 2.000000 1.896528 
 0.076000 2.000000 2.000000 2.000000 1.866753 
 0.076083 2.000000 2.000000 2.000000 1.879799 
 0.076167 2.000000 2.000000 2.000000 1.900570 
 0.076250 2.000000 2.000000 2.000000 1.910102 
 0.076333 2.000000 2.000000 2.000000 1.904653 
 0.076417 2.000000 2.000000 2.000000 1.918879 
 0.076500 2.000000 2.000000 2.000000 1.917435 
 0.076583 2.000000 2.000000 2.000000 1.927077 
 0.076667 2.000000 2.000000 2.000000 1.931015 
 0.076750 2.000000 2.000000 2.000000 1.927415 
 0.076833 2.000000 2.000000 2.000000 1.919109 
 0.076917 2.000000 2.000000 2.000000 1.947078 
 0.077000 2.000000 2.000000 2.000000 1.947078 
 0.077083 2.000000 2.000000 2.000000 1.939579 
 0.077167 2.000000 2.000000 2.000000 1.960311 
 0.077250 2.000000 2.000000 2.000000 1.953851 
 0.077333 2.000000 2.000000 2.000000 1.946368 
 0.077417 2.000000 2.000000 2.000000 1.958987 
 0.077500 2.000000 2.000000 2.000000 1.945730 
 0.077583 2.000000 2.000000 2.000000 1.945914 
 0.077667 2.000000 2.000000 2.000000 1.934380 
 0.077750 2.000000 2.000000 2.000000 1.917355 
 0.077833 2.000000 2.000000 2.000000 1.913762 
 0.077917 2.000000 2.000000 2.000000 1.895263 
 0.078000 2.000000 2.000000 2.000000 1.900602 
 0.078083 2.000000 2.000000 2.000000 1.907098 
 0.078167 2.000000 2.000000 2.000000 1.900709 
 0.078250 2.000000 2.000000 2.000000 1.913096 
 0.078333 2.000000 2.000000 2.000000 1.908224 
 0.078417 2.000000 2.000000 2.000000 1.909181 
 0.078500 2.000000 2.000000 2.000000 1.906342 
 0.078583 2.000000 2.000000 2.000000 1.907981 
 0.078667 2.000000 2.000000 2.000000 1.890532 
 0.078750 2.000000 2.000000 2.000000 1.896711 
 0.078833 2.000000 2.000000 2.000000 1.905309 
 0.078917 2.000000 2.000000 2.000000 1.909349 
 0.079000 2.000000 2.000000 2.000000 1.911976 
 0.079083 2.000000 2.000000 2.000000 1.926800 
 0.079167 2.000000 2.000000 2.000000 1.902119 
 0.079250 2.000000 2.000000 2.000000 1.915769 
 0.079333 2.000000 2.000000 2.000000 1.933061 
 0.079417 2.000000 2.000000 2.000000 1.925239 
 0.079500 2.000000 2.000000 2.000000 1.923564 
 0.079583 2.000000 2.000000 2.000000 1.929152 
 0.079667 2.000000 2.000000 2.000000 1.933821 
 0.079750 2.000000 2.000000 2.000000 1.936171 
 0.079833 2.000000 2.000000 2.000000 1.895483 
 0.079917 2.000000 2.000000 2.000000 1.941857 
 0.080000 2.000000 2.000000 2.000000 1.947551 
 0.080083 2.000000 2.000000 2.000000 1.934495 
 0.080167 2.000000 2.000000 2.000000 1.910845 
 0.080250 2.000000 2.000000 2.000000 1.928347 
 0.080333 2.000000 2.000000 2.000000 1.927935 
 0.080417 2.000000 2.000000 2.000000 1.909783 
 0.080500 2.000000 2.000000 2.000000 1.967528 
 0.080583 2.000000 2.000000 2.000000 1.933181 
 0.080667 2.000000 2.000000 2.000000 1.915450 
 0.080750 2.000000 2.000000 2.000000 1.919679 
 0.080833 2.000000 2.000000 2.000000 1.886035 
 0.080917 2.000000 2.000000 2.000000 1.921551 
 0.081000 2.000000 2.000000 2.000000 1.915307 
 0.081083 2.000000 2.000000 2.000000 1.871539 
 0.081167 2.000000 2.000000 2.000000 1.892711 
 0.081250 2.000000 2.000000 2.000000 1.911139 
 0.081333 2.000000 2.000000 2.000000 1.908671 
 0.081417 2.000000 2.000000 2.000000 1.949685 
 0.081500 2.000000 2.000000 2.000000 1.926040 
 0.081583 2.000000 2.000000 2.000000 1.933208 
 0.081667 2.000000 2.000000 2.000000 1.959636 
 0.081750 2.000000 2.000000 2.000000 1.945753 
 0.081833 2.000000 2.000000 2.000000 1.945489 
 0.081917 2.000000 2.000000 2.000000 1.957117 
 0.082000 2.000000 2.000000 2.000000 1.950438 
 0.082083 2.000000 2.000000 2.000000 1.946806 
 0.082167 2.000000 2.000000 2.000000 1.933731 
 0.082250 2.000000 2.000000 2.000000 1.956808 
 0.082333 2.000000 2.000000 2.000000 1.946393 
 0.082417 2.000000 2.000000 2.000000 1.965715 
 0.082500 2.000000 2.000000 2.000000 1.971635 
 0.082583 2.000000 2.000000 2.000000 1.965431 
 0.082667 2.000000 2.000000 2.000000 1.961116 
 0.082750 2.000000 2.000000 2.000000 1.937954 
 0.082833 2.000000 2.000000 2.000000 1.925436 
 0.082917 2.000000 2.000000 2.000000 1.935422 
 0.083000 2.000000 2.000000 2.000000 1.928775 
 0.083083 2.000000 2.000000 2.000000 1.912012 
 0.083167 2.000000 2.000000 2.000000 1.912844 
 0.083250 2.000000 2.000000 2.000000 1.905421 
 0.083333 2.000000 2.000000 2.000000 1.882744 
 0.083417 0.000000 0.000000 0.000000 1.906925 
 0.083500 0.000000 0.000000 0.000000 1.907539 
 0.083583 0.000000 0.000000 0.000000 1.871377 
 0.083667 0.000000 0.000000 0.000000 1.685486 
 0.083750 0.000000 0.000000 0.000000 1.454488 
 0.083833 0.000000 0.000000 0.000000 1.151151 
 0.083917 0.000000 0.000000 0.000000 0.869841 
 0.084000 0.000000 0.000000 0.000000 0.565736 
 0.084083 0.000000 0.000000 0.000000 0.316469 
 0.084167 0.000000 0.000000 0.000000 0.096649 
 0.084250 0.000000 0.000000 0.000000 -0.042373 
 0.084333 0.000000 0.000000 0.000000 -0.196066 
 0.084417 0.000000 0.000000 0.000000 -0.254386 
 0.084500 0.000000 0.000000 0.000000 -0.332953 
 0.084583 0.000000 0.000000 0.000000 -0.329277 
 0.084667 0.000000 0.000000 0.000000 -0.344857 
 0.084750 0.000000 0.000000 0.000000 -0.310811 
 0.084833 0.000000 0.000000 0.000000 -0.308751 
 0.084917 0.000000 0.000000 0.000000 -0.247696 
 0.085000 0.000000 0.000000 0.000000 -0.217493 
 0.085083 0.000000 0.000000 0.000000 -0.175165 
 0.085167 0.000000 0.000000 0.000000 -0.151148 
 0.085250 0.000000 0.000000 0.000000 -0.102518 
 0.085333 0.000000 0.000000 0.000000 -0.089768 
 0.085417 0.000000 0.000000 0.000000 -0.050869 
 0.085500 0.000000 0.000000 0.000000 -0.063708 
 0.085583 0.000000 0.000000 0.000000 -0.038312 
 0.085667 0.000000 0.000000 0.000000 -0.063784 
 0.085750 0.000000 0.000000 0.000000 -0.038217 
 0.085833 0.000000 0.000000 0.000000 -0.052197 
 0.085917 0.000000 0.000000 0.000000 -0.037378 
 0.086000 0.000000 0.000000 0.000000 -0.049313 
 0.086083 0.000000 0.000000 0.000000 -0.020057 
 0.086167 0.000000 0.000000 0.000000 -0.020057 
 0.086250 0.000000 0.000000 0.000000 0.016328 
 0.086333 0.000000 0.000000 0.000000 -0.013185 
 0.086417 0.000000 0.000000 0.000000 -0.011288 
 0.086500 0.000000 0.000000 0.000000 -0.004689 
 0.086583 0.000000 0.000000 0.000000 0.009329 
 0.086667 0.000000 0.000000 0.000000 -0.009564 
 0.086750 0.000000 0.000000 0.000000 -0.023535 
 0.086833 0.000000 0.000000 0.000000 -0.018542 
 0.086917 0.000000 0.000000 0.000000 0.016958 
 0.087000 0.000000 0.000000 0.000000 0.033223 
 0.087083 0.000000 0.000000 0.000000 0.016492 
 0.087167 0.000000 0.000000 0.000000 0.004548 
 0.087250 0.000000 0.000000 0.000000 0.032976 
 0.087333 0.000000 0.000000 0.000000 0.023702 
 0.087417 0.000000 0.000000 0.000000 0.011367 
 0.087500 0.000000 0.000000 0.000000 -0.032544 
 0.087583 0.000000 0.000000 0.000000 -0.036207 
 0.087667 0.000000 0.000000 0.000000 -0.014877 
 0.087750 0.000000 0.000000 0.000000 0.012809 
 0.087833 0.000000 0.000000 0.000000 -0.008835 
 0.087917 0.000000 0.000000 0.000000 -0.014657 
 0.088000 0.000000 0.000000 0.000000 -0.014657 
 0.088083 0.000000 0.000000 0.000000 -0.021171 
 0.088167 0.000000 0.000000 0.000000 -0.032715 
 0.088250 0.000000 0.000000 0.000000 -0.019169 
 0.088333 0.000000 0.000000 0.000000 -0.007347 
 0.088417 0.000000 0.000000 0.000000 0.008969 
 0.088500 0.000000 0.000000 0.000000 -0.003065 
 0.088583 0.000000 0.000000 0.000000 0.001329 
 0.088667 0.000000 0.000000 0.000000 0.016440 
 0.088750 0.000000 0.000000 0.000000 0.007057 
 0.088833 0.000000 0.000000 0.000000 -0.024320 
 0.088917 0.000000 0.000000 0.000000 0.003565 
 0.089000 0.000000 0.000000 0.000000 0.021938 
 0.089083 0.000000 0.000000 0.000000 0.016089 
 0.089167 0.000000 0.000000 0.000000 -0.008425 
 0.089250 0.000000 0.000000 0.000000 0.033034 
 0.089333 0.000000 0.000000 0.000000 0.016366 
 0.089417 0.000000 0.000000 0.000000 0.047896 
 0.089500 0.000000 0.000000 0.000000 0.023906 
 0.089583 0.000000 0.000000 0.000000 0.010497 
 0.089667 0.000000 0.000000 0.000000 0.010497 
 0.089750 0.000000 0.000000 0.000000 -0.000350 
 0.089833 0.000000 0.000000 0.000000 -0.013812 
 0.089917 0.000000 0.000000 0.000000 -0.002350 
 0.090000 0.000000 0.000000 0.000000 -0.002350 
 0.090083 0.000000 0.000000 0.000000 -0.025561 
 0.090167 0.000000 0.000000 0.000000 -0.025324 
 0.090250 0.000000 0.000000 0.000000 -0.036523 
 0.090333 0.000000 0.000000 0.000000 -0.017813 
 0.090417 0.000000 0.000000 0.000000 -0.011009 
 0.090500 0.000000 0.000000 0.000000 -0.022325 
 0.090583 0.000000 0.000000 0.000000 -0.005539 
 0.090667 0.000000 0.000000 0.000000 -0.035589 
 0.090750 0.000000 0.000000 0.000000 -0.035497 
 0.090833 0.000000 0.000000 0.000000 -0.044203 
 0.090917 0.000000 0.000000 0.000000 -0.041608 
 0.091000 0.000000 0.000000 0.000000 -0.045695 
 0.091083 0.000000 0.000000 0.000000 -0.034774 
 0.091167 0.000000 0.000000 0.000000 -0.032181 
 0.091250 0.000000 0.000000 0.000000 -0.036880 
 0.091333 0.000000 0.000000 0.000000 -0.023412 
 0.091417 0.000000 0.000000 0.000000 -0.029870 
 0.091500 0.000000 0.000000 0.000000 -0.018201 
 0.091583 0.000000 0.000000 0.000000 -0.019737 
 0.091667 0.000000 0.000000 0.000000 -0.021402 
 0.091750 0.000000 0.000000 0.000000 -0.030677 
 0.091833 0.000000 0.000000 0.000000 -0.027428 
 0.091917 0.000000 0.000000 0.000000 -0.026885 
 0.092000 0.000000 0.000000 0.000000 -0.019565 
 0.092083 0.000000 0.000000 0.000000 -0.032649 
 0.092167 0.000000 0.000000 0.000000 -0.035505 
 0.092250 0.000000 0.000000 0.000000 -0.029599 
 0.092333 0.000000 0.000000 0.000000 -0.029599 
 0.092417 0.000000 0.000000 0.000000 -0.030424 
 0.092500 0.000000 0.000000 0.000000 -0.041668 
 0.092583 0.000000 0.000000 0.000000 -0.045239 
 0.092667 0.000000 0.000000 0.000000 -0.056107 
 0.092750 0.000000 0.000000 0.000000 -0.049374 
 0.092833 0.000000 0.000000 0.000000 -0.049848 
 0.092917 0.000000 0.000000 0.000000 -0.066116 
 0.093000 0.000000 0.000000 0.000000 -0.067408 
 0.093083 0.000000 0.000000 0.000000 -0.072951 
 0.093167 0.000000 0.000000 0.000000 -0.059213 
 0.093250 0.000000 0.000000 0.000000 -0.054252 
 0.093333 0.000000 0.000000 0.000000 -0.054252 
 0.093417 0.000000 0.000000 0.000000 -0.101533 
 0.093500 0.000000 0.000000 0.000000 -0.030789 
 0.093583 0.000000 0.000000 0.000000 -0.038237 
 0.093667 0.000000 0.000000 0.000000 -0.050457 
 0.093750 0.000000 0.000000 0.000000 -0.031343 
 0.093833 0.000000 0.000000 0.000000 -0.043659 
 0.093917 0.000000 0.000000 0.000000 -0.039263 
 0.094000 0.000000 0.000000 0.000000 -0.039263 
 0.094083 0.000000 0.000000 0.000000 -0.036008 
 0.094167 0.000000 0.000000 0.000000 -0.011331 
 0.094250 0.000000 0.000000 0.000000 -0.002368 
 0.094333 0.000000 0.000000 0.000000 0.009896 
 0.094417 0.000000 0.000000 0.000000 -0.017717 
 0.094500 0.000000 0.000000 0.000000 -0.037884 
 0.094583 0.000000 0.000000 0.000000 -0.029482 
 0.094667 0.000000 0.000000 0.000000 -0.020832 
 0.094750 0.000000 0.000000 0.000000 -0.033021 
 0.094833 0.000000 0.000000 0.000000 -0.033021 
 0.094917 0.000000 0.000000 0.000000 -0.065690 
 0.095000 0.000000 0.000000 0.000000 -0.034767 
 0.095083 0.000000 0.000000 0.000000 -0.059901 
 0.095167 0.000000 0.000000 0.000000 -0.038598 
 0.095250 0.000000 0.000000 0.000000 -0.021176 
 0.095333 0.000000 0.000000 0.000000 -0.021214 
 0.095417 0.000000 0.000000 0.000000 -0.034855 
 0.095500 0.000000 0.000000 0.000000 -0.035570 
 0.095583 0.000000 0.000000 0.000000 -0.049604 
 0.095667 0.000000 0.000000 0.000000 -0.057774 
 0.095750 0.000000 0.000000 0.000000 -0.050365 
 0.095833 0.000000 0.000000 0.000000 -0.029447 
 0.095917 0.000000 0.000000 0.000000 -0.023382 
 0.096000 0.000000 0.000000 0.000000 -0.002811 
 0.096083 0.000000 0.000000 0.000000 -0.038328 
 0.096167 0.000000 0.000000 0.000000 0.001994 
 0.096250 0.000000 0.000000 0.000000 0.002816 
 0.096333 0.000000 0.000000 0.000000 0.007561 
 0.096417 0.000000 0.000000 0.000000 0.011907 
 0.096500 0.000000 0.000000 0.000000 0.005109 
 0.096583 0.000000 0.000000 0.000000 0.008770 
 0.096667 0.000000 0.000000 0.000000 0.039341 
 0.096750 0.000000 0.000000 0.000000 0.035253 
 0.096833 0.000000 0.000000 0.000000 0.010727 
 0.096917 0.000000 0.000000 0.000000 0.031433 
 0.097000 0.000000 0.000000 0.000000 0.014573 
 0.097083 0.000000 0.000000 0.000000 -0.020849 
 0.097167 0.000000 0.000000 0.000000 0.026850 
 0.097250 0.000000 0.000000 0.000000 0.031712 
 0.097333 0.000000 0.000000 0.000000 0.052322 
 0.097417 0.000000 0.000000 0.000000 0.031808 
 0.097500 0.000000 0.000000 0.000000 0.041125 
 0.097583 0.000000 0.000000 0.000000 0.026050 
 0.097667 0.000000 0.000000 0.000000 0.014743 
 0.097750 0.000000 0.000000 0.000000 0.020365 
 0.097833 0.000000 0.000000 0.000000 0.052602 
 0.097917 0.000000 0.000000 0.000000 0.014452 
 0.098000 0.000000 0.000000 0.000000 0.014452 
 0.098083 0.000000 0.000000 0.000000 -0.003008 
 0.098167 0.000000 0.000000 0.000000 0.017225 
 0.098250 0.000000 0.000000 0.000000 0.004061 
 0.098333 0.000000 0.000000 0.000000 0.033003 
 0.098417 0.000000 0.000000 0.000000 0.037980 
 0.098500 0.000000 0.000000 0.000000 0.047107 
 0.098583 0.000000 0.000000 0.000000 0.040096 
 0.098667 0.000000 0.000000 0.000000 0.038220 
 0.098750 0.000000 0.000000 0.000000 0.041177 
 0.098833 0.000000 0.000000 0.000000 0.033204 
 0.098917 0.000000 0.000000 0.000000 0.049125 
 0.099000 0.000000 0.000000 0.000000 0.046836 
 0.099083 0.000000 0.000000 0.000000 0.049146 
 0.099167 0.000000 0.000000 0.000000 0.056889 
 0.099250 0.000000 0.000000 0.000000 0.078112 
 0.099333 0.000000 0.000000 0.000000 0.053738 
 0.099417 0.000000 0.000000 0.000000 0.066904 
 0.099500 0.000000 0.000000 0.000000 0.061647 
 0.099583 0.000000 0.000000 0.000000 0.074031 
 0.099667 0.000000 0.000000 0.000000 0.061825 
 0.099750 0.000000 0.000000 0.000000 0.055400 
 0.099833 0.000000 0.000000 0.000000 0.051610 
 0.099917 0.000000 0.000000 0.000000 0.047530 
 0.100000 0.000000 0.000000 0.000000 0.047530 
 0.100083 0.000000 0.000000 0.000000 0.036887 
 0.100167 0.000000 0.000000 0.000000 0.057924 
 0.100250 0.000000 0.000000 0.000000 0.049310 
 0.100333 0.000000 0.000000 0.000000 0.050762 
 0.100417 0.000000 0.000000 0.000000 0.032104 
 0.100500 0.000000 0.000000 0.000000 0.042466 
 0.100583 0.000000 0.000000 0.000000 0.079409 
 0.100667 0.000000 0.000000 0.000000 0.057118 
 0.100750 0.000000 0.000000 0.000000 0.059053 
 0.100833 0.000000 0.000000 0.000000 0.059053 
 0.100917 0.000000 0.000000 0.000000 0.042477 
 0.101000 0.000000 0.000000 0.000000 0.052197 
 0.101083 0.000000 0.000000 0.000000 0.041895 
 0.101167 0.000000 0.000000 0.000000 0.041895 
 0.101250 0.000000 0.000000 0.000000 0.053670 
 0.101333 0.000000 0.000000 0.000000 0.060229 
 0.101417 0.000000 0.000000 0.000000 0.056353 
 0.101500 0.000000 0.000000 0.000000 0.064454 
 0.101583 0.000000 0.000000 0.000000 0.073035 
 0.101667 0.000000 0.000000 0.000000 0.068221 
 0.101750 0.000000 0.000000 0.000000 0.065574 
 0.101833 0.000000 0.000000 0.000000 0.065574 
 0.101917 0.000000 0.000000 0.000000 0.076069 
 0.102000 0.000000 0.000000 0.000000 0.057456 
 0.102083 0.000000 0.000000 0.000000 0.075951 
 0.102167 0.000000 0.000000 0.000000 0.056733 
 0.102250 0.000000 0.000000 0.000000 0.068830 
 0.102333 0.000000 0.000000 0.000000 0.073524 
 0.102417 0.000000 0.000000 0.000000 0.052908 
 0.102500 0.000000 0.000000 0.000000 0.065004 
 0.102583 0.000000 0.000000 0.000000 0.060021 
 0.102667 0.000000 0.000000 0.000000 0.027443 
 0.102750 0.000000 0.000000 0.000000 0.030158 
 0.102833 0.000000 0.000000 0.000000 0.069648 
 0.102917 0.000000 0.000000 0.000000 0.060871 
 0.103000 0.000000 0.000000 0.000000 0.082052 
 0.103083 0.000000 0.000000 0.000000 0.082473 
 0.103167 0.000000 0.000000 0.000000 0.030378 
 0.103250 0.000000 0.000000 0.000000 0.053793 
 0.103333 0.000000 0.000000 0.000000 0.053793 
 0.103417 0.000000 0.000000 0.000000 0.055679 
 0.103500 0.000000 0.000000 0.000000 0.088807 
 0.103583 0.000000 0.000000 0.000000 0.060262 
 0.103667 0.000000 0.000000 0.000000 0.008117 
 0.103750 0.000000 0.000000 0.000000 0.054633 
 0.103833 0.000000 0.000000 0.000000 0.066275 
 0.103917 0.000000 0.000000 0.000000 0.067825 
 0.104000 0.000000 0.000000 0.000000 0.079703 
 0.104083 0.000000 0.000000 0.000000 0.051876 
 0.104167 0.000000 0.000000 0.000000 0.063932 
 0.104250 0.000000 0.000000 0.000000 0.072364 
 0.104333 0.000000 0.000000 0.000000 0.139297 
 0.104417 0.000000 0.000000 0.000000 0.067783 
 0.104500 0.000000 0.000000 0.000000 0.069260 
 0.104583 0.000000 0.000000 0.000000 0.053312 
 0.104667 0.000000 0.000000 0.000000 0.047108 
 0.104750 0.000000 0.000000 0.000000 0.049507 
 0.104833 0.000000 0.000000 0.000000 0.038492 
 0.104917 0.000000 0.000000 0.000000 0.076582 
 0.105000 0.000000 0.000000 0.000000 0.059540 
 0.105083 0.000000 0.000000 0.000000 0.045220 
 0.105167 0.000000 0.000000 0.000000 0.041151 
 0.105250 0.000000 0.000000 0.000000 0.048034 
 0.105333 0.000000 0.000000 0.000000 0.051366 
 0.105417 0.000000 0.000000 0.000000 0.049590 
 0.105500 0.000000 0.000000 0.000000 0.078014 
 0.105583 0.000000 0.000000 0.000000 0.039340 
 0.105667 0.000000 0.000000 0.000000 0.067377 
 0.105750 0.000000 0.000000 0.000000 0.041218 
 0.105833 0.000000 0.000000 0.000000 0.016144 
 0.105917 0.000000 0.000000 0.000000 0.018195 
 0.106000 0.000000 0.000000 0.000000 0.007471 
 0.106083 0.000000 0.000000 0.000000 0.009670 
 0.106167 0.000000 0.000000 0.000000 0.000034 
 0.106250 0.000000 0.000000 0.000000 0.001718 
 0.106333 0.000000 0.000000 0.000000 0.022880 
 0.106417 0.000000 0.000000 0.000000 0.016719 
 0.106500 0.000000 0.000000 0.000000 0.033240 
 0.106583 0.000000 0.000000 0.000000 0.029593 
 0.106667 0.000000 0.000000 0.000000 0.038424 
 0.106750 0.000000 0.000000 0.000000 0.038079 
 0.106833 0.000000 0.000000 0.000000 0.038079 
 0.106917 0.000000 0.000000 0.000000 0.047969 
 0.107000 0.000000 0.000000 0.000000 0.051203 
 0.107083 0.000000 0.000000 0.000000 0.024100 
 0.107167 0.000000 0.000000 0.000000 0.022376 
 0.107250 0.000000 0.000000 0.000000 0.033000 
 0.107333 0.000000 0.000000 0.000000 0.033395 
 0.107417 0.000000 0.000000 0.000000 0.001622 
 0.107500 0.000000 0.000000 0.000000 0.020610 
 0.107583 0.000000 0.000000 0.000000 0.004629 
 0.107667 0.000000 0.000000 0.000000 0.009559 
 0.107750 0.000000 0.000000 0.000000 -0.000128 
 0.107833 0.000000 0.000000 0.000000 0.004313 
 0.107917 0.000000 0.000000 0.000000 -0.015741 
 0.108000 0.000000 0.000000 0.000000 -0.007177 
 0.108083 0.000000 0.000000 0.000000 -0.010357 
 0.108167 0.000000 0.000000 0.000000 -0.007720 
 0.108250 0.000000 0.000000 0.000000 -0.001631 
 0.108333 0.000000 0.000000 0.000000 -0.003514 
 0.108417 0.000000 0.000000 0.000000 -0.008891 
 0.108500 0.000000 0.000000 0.000000 -0.007845 
 0.108583 0.000000 0.000000 0.000000 -0.003370 
 0.108667 0.000000 0.000000 0.000000 0.007452 
 0.108750 0.000000 0.000000 0.000000 -0.008060 
 0.108833 0.000000 0.000000 0.000000 -0.019594 
 0.108917 0.000000 0.000000 0.000000 -0.015125 
 0.109000 0.000000 0.000000 0.000000 -0.001161 
 0.109083 0.000000 0.000000 0.000000 -0.007477 
 0.109167 0.000000 0.000000 0.000000 -0.007477 
 0.109250 0.000000 0.000000 0.000000 -0.021568 
 0.109333 0.000000 0.000000 0.000000 -0.012631 
 0.109417 0.000000 0.000000 0.000000 -0.063942 
 0.109500 0.000000 0.000000 0.000000 -0.009246 
 0.109583 0.000000 0.000000 0.000000 0.006445 
 0.109667 0.000000 0.000000 0.000000 0.006445 
 0.109750 0.000000 0.000000 0.000000 0.037481 
 0.109833 0.000000 0.000000 0.000000 0.025170 
 0.109917 0.000000 0.000000 0.000000 0.028779 
 0.110000 0.000000 0.000000 0.000000 0.041131 
 0.110083 0.000000 0.000000 0.000000 0.026930 
 0.110167 0.000000 0.000000 0.000000 0.014588 
 0.110250 0.000000 0.000000 0.000000 0.032197 
 0.110333 0.000000 0.000000 0.000000 0.024860 
 0.110417 0.000000 0.000000 0.000000 0.002881 
 0.110500 0.000000 0.000000 0.000000 -0.037296 
 0.110583 0.000000 0.000000 0.000000 -0.020217 
 0.110667 0.000000 0.000000 0.000000 -0.035674 
 0.110750 0.000000 0.000000 0.000000 -0.016832 
 0.110833 0.000000 0.000000 0.000000 -0.005080 
 0.110917 0.000000 0.000000 0.000000 -0.039385 
 0.111000 0.000000 0.000000 0.000000 -0.039385 
 0.111083 0.000000 0.000000 0.000000 -0.031869 
 0.111167 0.000000 0.000000 0.000000 -0.032920 
 0.111250 0.000000 0.000000 0.000000 -0.010660 
 0.111333 0.000000 0.000000 0.000000 -0.000108 
 0.111417 0.000000 0.000000 0.000000 0.000850 
 0.111500 0.000000 0.000000 0.000000 0.033123 
 0.111583 0.000000 0.000000 0.000000 0.013323 
 0.111667 0.000000 0.000000 0.000000 0.013323 
 0.111750 0.000000 0.000000 0.000000 0.005411 
 0.111833 0.000000 0.000000 0.000000 0.014798 
 0.111917 0.000000 0.000000 0.000000 0.013200 
 0.112000 0.000000 0.000000 0.000000 0.028056 
 0.112083 0.000000 0.000000 0.000000 0.070143 
 0.112167 0.000000 0.000000 0.000000 -0.035005 
 0.112250 0.000000 0.000000 0.000000 0.023333 
 0.112333 0.000000 0.000000 0.000000 0.003536 
 0.112417 0.000000 0.000000 0.000000 0.013022 
 0.112500 0.000000 0.000000 0.000000 0.014657 
 0.112583 0.000000 0.000000 0.000000 0.021078 
 0.112667 0.000000 0.000000 0.000000 0.002539 
 0.112750 0.000000 0.000000 0.000000 0.028791 
 0.112833 0.000000 0.000000 0.000000 0.028791 
 0.112917 0.000000 0.000000 0.000000 0.018219 
 0.113000 0.000000 0.000000 0.000000 0.022980 
 0.113083 0.000000 0.000000 0.000000 0.027766 
 0.113167 0.000000 0.000000 0.000000 0.015697 
 0.113250 0.000000 0.000000 0.000000 0.015783 
 0.113333 0.000000 0.000000 0.000000 0.009309 
 0.113417 0.000000 0.000000 0.000000 0.011005 
 0.113500 0.000000 0.000000 0.000000 0.008607 
 0.113583 0.000000 0.000000 0.000000 0.023911 
 0.113667 0.000000 0.000000 0.000000 0.010960 
 0.113750 0.000000 0.000000 0.000000 0.013389 
 0.113833 0.000000 0.000000 0.000000 0.012646 
 0.113917 0.000000 0.000000 0.000000 0.015804 
 0.114000 0.000000 0.000000 0.000000 0.005186 
 0.114083 0.000000 0.000000 0.000000 -0.000558 
 0.114167 0.000000 0.000000 0.000000 0.009603 
 0.114250 0.000000 0.000000 0.000000 0.025338 
 0.114333 0.000000 0.000000 0.000000 0.035007 
 0.114417 0.000000 0.000000 0.000000 0.038931 
 0.114500 0.000000 0.000000 0.000000 0.052091 
 0.114583 0.000000 0.000000 0.000000 0.039470 
 0.114667 0.000000 0.000000 0.000000 0.059963 
 0.114750 0.000000 0.000000 0.000000 0.058530 
 0.114833 0.000000 0.000000 0.000000 0.066474 
 0.114917 0.000000 0.000000 0.000000 0.064856 
 0.115000 0.000000 0.000000 0.000000 0.072126 
 0.115083 0.000000 0.000000 0.000000 0.058808 
 0.115167 0.000000 0.000000 0.000000 0.052222 
 0.115250 0.000000 0.000000 0.000000 0.055850 
 0.115333 0.000000 0.000000 0.000000 0.056354 
 0.115417 0.000000 0.000000 0.000000 0.053373 
 0.115500 0.000000 0.000000 0.000000 0.039147 
 0.115583 0.000000 0.000000 0.000000 0.032304 
 0.115667 0.000000 0.000000 0.000000 0.035727 
 0.115750 0.000000 0.000000 0.000000 0.035530 
 0.115833 0.000000 0.000000 0.000000 0.035530 
 0.115917 0.000000 0.000000 0.000000 0.041317 
 0.116000 0.000000 0.000000 0.000000 0.038499 
 0.116083 0.000000 0.000000 0.000000 0.058799 
 0.116167 0.000000 0.000000 0.000000 0.047264 
 0.116250 0.000000 0.000000 0.000000 0.042073 
 0.116333 0.000000 0.000000 0.000000 0.049934 
 0.116417 0.000000 0.000000 0.000000 0.035113 
 0.116500 0.000000 0.000000 0.000000 0.025129 
 0.116583 0.000000 0.000000 0.000000 0.039787 
 0.116667 0.000000 0.000000 0.000000 0.039236 
 0.116750 0.000000 0.000000 0.000000 0.056717 
 0.116833 0.000000 0.000000 0.000000 0.056717 
 0.116917 0.000000 0.000000 0.000000 0.050092 
 0.117000 0.000000 0.000000 0.000000 0.063913 
 0.117083 0.000000 0.000000 0.000000 0.063897 
 0.117167 0.000000 0.000000 0.000000 0.051992 
 0.117250 0.000000 0.000000 0.000000 0.046892 
 0.117333 0.000000 0.000000 0.000000 0.062775 
 0.117417 0.000000 0.000000 0.000000 0.063284 
 0.117500 0.000000 0.000000 0.000000 0.075522 
 0.117583 0.000000 0.000000 0.000000 0.079334 
 0.117667 0.000000 0.000000 0.000000 0.054685 
 0.117750 0.000000 0.000000 0.000000 0.064381 
 0.117833 0.000000 0.000000 0.000000 0.058234 
 0.117917 0.000000 0.000000 0.000000 0.024204 
 0.118000 0.000000 0.000000 0.000000 0.054385 
 0.118083 0.000000 0.000000 0.000000 0.064312 
 0.118167 0.000000 0.000000 0.000000 0.056768 
 0.118250 0.000000 0.000000 0.000000 0.046565 
 0.118333 0.000000 0.000000 0.000000 0.075016 
 0.118417 0.000000 0.000000 0.000000 0.036541 
 0.118500 0.000000 0.000000 0.000000 0.042211 
 0.118583 0.000000 0.000000 0.000000 0.045569 
 0.118667 0.000000 0.000000 0.000000 0.045569 
 0.118750 0.000000 0.000000 0.000000 0.048511 
 0.118833 0.000000 0.000000 0.000000 0.025823 
 0.118917 0.000000 0.000000 0.000000 0.029405 
 0.119000 0.000000 0.000000 0.000000 0.039750 
 0.119083 0.000000 0.000000 0.000000 0.032935 
 0.119167 0.000000 0.000000 0.000000 0.043493 
 0.119250 0.000000 0.000000 0.000000 0.037038 
 0.119333 0.000000 0.000000 0.000000 0.025896 
 0.119417 0.000000 0.000000 0.000000 0.029798 
 0.119500 0.000000 0.000000 0.000000 0.008727 
 0.119583 0.000000 0.000000 0.000000 0.012319 
 0.119667 0.000000 0.000000 0.000000 0.003272 
 0.119750 0.000000 0.000000 0.000000 0.028062 
 0.119833 0.000000 0.000000 0.000000 0.036505 
 0.119917 0.000000 0.000000 0.000000 0.055953 
 0.120000 0.000000 0.000000 0.000000 0.051655 
 0.120083 0.000000 0.000000 0.000000 0.054894 
 0.120167 0.000000 0.000000 0.000000 0.049779 
 0.120250 0.000000 0.000000 0.000000 0.058260 
 0.120333 0.000000 0.000000 0.000000 0.064122 
 0.120417 0.000000 0.000000 0.000000 0.060371 
 0.120500 0.000000 0.000000 0.000000 0.030147 
 0.120583 0.000000 0.000000 0.000000 0.033100 
 0.120667 0.000000 0.000000 0.000000 0.015933 
 0.120750 0.000000 0.000000 0.000000 0.068648 
 0.120833 0.000000 0.000000 0.000000 0.019904 
 0.120917 0.000000 0.000000 0.000000 -0.011876 
 0.121000 0.000000 0.000000 0.000000 -0.015195 
 0.121083 0.000000 0.000000 0.000000 -0.016798 
 0.121167 0.000000 0.000000 0.000000 -0.028483 
 0.121250 0.000000 0.000000 0.000000 -0.025992 
 0.121333 0.000000 0.000000 0.000000 -0.025992 
 0.121417 0.000000 0.000000 0.000000 -0.020664 
 0.121500 0.000000 0.000000 0.000000 -0.030030 
 0.121583 0.000000 0.000000 0.000000 -0.026288 
 0.121667 0.000000 0.000000 0.000000 -0.036999 
 0.121750 0.000000 0.000000 0.000000 -0.021177 
 0.121833 0.000000 0.000000 0.000000 -0.021177 
 0.121917 0.000000 0.000000 0.000000 -0.016297 
 0.122000 0.000000 0.000000 0.000000 -0.027683 
 0.122083 0.000000 0.000000 0.000000 -0.013593 
 0.122167 0.000000 0.000000 0.000000 -0.022773 
 0.122250 0.000000 0.000000 0.000000 -0.014697 
 0.122333 0.000000 0.000000 0.000000 -0.006079 
 0.122417 0.000000 0.000000 0.000000 -0.000699 
 0.122500 0.000000 0.000000 0.000000 0.007087 
 0.122583 0.000000 0.000000 0.000000 0.011490 
 0.122667 0.000000 0.000000 0.000000 -0.020452 
 0.122750 0.000000 0.000000 0.000000 -0.009702 
 0.122833 0.000000 0.000000 0.000000 -0.004068 
 0.122917 0.000000 0.000000 0.000000 -0.009641 
 0.123000 0.000000 0.000000 0.000000 -0.009641 
 0.123083 0.000000 0.000000 0.000000 -0.020864 
 0.123167 0.000000 0.000000 0.000000 -0.008578 
 0.123250 0.000000 0.000000 0.000000 -0.005630 
 0.123333 0.000000 0.000000 0.000000 -0.033305 
 0.123417 0.000000 0.000000 0.000000 -0.034582 
 0.123500 0.000000 0.000000 0.000000 -0.029840 
 0.123583 0.000000 0.000000 0.000000 -0.028087 
 0.123667 0.000000 0.000000 0.000000 -0.037067 
 0.123750 0.000000 0.000000 0.000000 -0.042370 
 0.123833 0.000000 0.000000 0.000000 -0.051918 
 0.123917 0.000000 0.000000 0.000000 -0.036297 
 0.124000 0.000000 0.000000 0.000000 -0.038783 
 0.124083 0.000000 0.000000 0.000000 -0.039611 
 0.124167 0.000000 0.000000 0.000000 -0.039962 
 0.124250 0.000000 0.000000 0.000000 -0.032688 
 0.124333 0.000000 0.000000 0.000000 -0.053592 
 0.124417 0.000000 0.000000 0.000000 -0.025957 
 0.124500 0.000000 0.000000 0.000000 -0.072259 
 0.124583 0.000000 0.000000 0.000000 -0.048651 
 0.124667 0.000000 0.000000 0.000000 -0.060249 
 0.124750 0.000000 0.000000 0.000000 -0.046243 
 0.124833 0.000000 0.000000 0.000000 -0.013868 
 0.124917 0.000000 0.000000 0.000000 -0.003848 
 0.125000 0.000000 0.000000 0.000000 -0.015912 
 0.125083 0.000000 0.000000 0.000000 -0.028396 
 0.125167 0.000000 0.000000 0.000000 -0.020822 
 0.125250 0.000000 0.000000 0.000000 -0.025990 
 0.125333 0.000000 0.000000 0.000000 -0.020707 
 0.125417 0.000000 0.000000 0.000000 -0.018062 
 0.125500 0.000000 0.000000 0.000000 -0.042364 
 0.125583 0.000000 0.000000 0.000000 -0.014115 
 0.125667 0.000000 0.000000 0.000000 -0.020817 
 0.125750 0.000000 0.000000 0.000000 -0.019125 
 0.125833 0.000000 0.000000 0.000000 -0.011743 
 0.125917 0.000000 0.000000 0.000000 -0.002929 
 0.126000 0.000000 0.000000 0.000000 -0.023080 
 0.126083 0.000000 0.000000 0.000000 0.002428 
 0.126167 0.000000 0.000000 0.000000 -0.076445 
 0.126250 0.000000 0.000000 0.000000 -0.008233 
 0.126333 0.000000 0.000000 0.000000 -0.005688 
 0.126417 0.000000 0.000000 0.000000 0.002784 
 0.126500 0.000000 0.000000 0.000000 -0.029817 
 0.126583 0.000000 0.000000 0.000000 -0.020644 
 0.126667 0.000000 0.000000 0.000000 -0.020644 
 0.126750 0.000000 0.000000 0.000000 -0.022391 
 0.126833 0.000000 0.000000 0.000000 -0.043741 
 0.126917 0.000000 0.000000 0.000000 -0.045844 
 0.127000 0.000000 0.000000 0.000000 -0.045844 
 0.127083 0.000000 0.000000 0.000000 -0.015213 
 0.127167 0.000000 0.000000 0.000000 -0.034876 
 0.127250 0.000000 0.000000 0.000000 -0.012852 
 0.127333 0.000000 0.000000 0.000000 0.008091 
 0.127417 0.000000 0.000000 0.000000 -0.008759 
 0.127500 0.000000 0.000000 0.000000 -0.008759 
 0.127583 0.000000 0.000000 0.000000 -0.020160 
 0.127667 0.000000 0.000000 0.000000 -0.008106 
 0.127750 0.000000 0.000000 0.000000 -0.026083 
 0.127833 0.000000 0.000000 0.000000 -0.010955 
 0.127917 0.000000 0.000000 0.000000 -0.001343 
 0.128000 0.000000 0.000000 0.000000 -0.006716 
 0.128083 0.000000 0.000000 0.000000 -0.004401 
 0.128167 0.000000 0.000000 0.000000 0.014121 
 0.128250 0.000000 0.000000 0.000000 0.010966 
 0.128333 0.000000 0.000000 0.000000 0.023239 
 0.128417 0.000000 0.000000 0.000000 0.007241 
 0.128500 0.000000 0.000000 0.000000 -0.002274 
 0.128583 0.000000 0.000000 0.000000 0.000315 
 0.128667 0.000000 0.000000 0.000000 0.004282 
 0.128750 0.000000 0.000000 0.000000 0.016669 
 0.128833 0.000000 0.000000 0.000000 0.037247 
 0.128917 0.000000 0.000000 0.000000 0.024170 
 0.129000 0.000000 0.000000 0.000000 0.012524 
 0.129083 0.000000 0.000000 0.000000 0.022412 
 0.129167 0.000000 0.000000 0.000000 -0.001911 
 0.129250 0.000000 0.000000 0.000000 0.019028 
 0.129333 0.000000 0.000000 0.000000 0.019028 
 0.129417 0.000000 0.000000 0.000000 0.004161 
 0.129500 0.000000 0.000000 0.000000 0.004161 
 0.129583 0.000000 0.000000 0.000000 0.014348 
 0.129667 0.000000 0.000000 0.000000 0.013565 
 0.129750 0.000000 0.000000 0.000000 0.020739 
 0.129833 0.000000 0.000000 0.000000 0.009389 
 0.129917 0.000000 0.000000 0.000000 0.017347 
 0.130000 0.000000 0.000000 0.000000 0.014972 
 0.130083 0.000000 0.000000 0.000000 0.027736 
 0.130167 0.000000 0.000000 0.000000 0.022095 
 0.130250 0.000000 0.000000 0.000000 0.020507 
 0.130333 0.000000 0.000000 0.000000 0.012379 
 0.130417 0.000000 0.000000 0.000000 0.010890 
 0.130500 0.000000 0.000000 0.000000 0.028993 
 0.130583 0.000000 0.000000 0.000000 0.043679 
 0.130667 0.000000 0.000000 0.000000 0.043679 
 0.130750 0.000000 0.000000 0.000000 0.033392 
 0.130833 0.000000 0.000000 0.000000 0.047128 
 0.130917 0.000000 0.000000 0.000000 0.048054 
 0.131000 0.000000 0.000000 0.000000 0.054768 
 0.131083 0.000000 0.000000 0.000000 0.062246 
 0.131167 0.000000 0.000000 0.000000 0.057383 
 0.131250 0.000000 0.000000 0.000000 0.057070 
 0.131333 0.000000 0.000000 0.000000 0.069470 
 0.131417 0.000000 0.000000 0.000000 0.067276 
 0.131500 0.000000 0.000000 0.000000 0.081277 
 0.131583 0.000000 0.000000 0.000000 0.070312 
 0.131667 0.000000 0.000000 0.000000 0.049426 
 0.131750 0.000000 0.000000 0.000000 0.053308 
 0.131833 0.000000 0.000000 0.000000 0.047515 
 0.131917 0.000000 0.000000 0.000000 0.052177 
 0.132000 0.000000 0.000000 0.000000 0.042082 
 0.132083 0.000000 0.000000 0.000000 0.045893 
 0.132167 0.000000 0.000000 0.000000 0.065861 
 0.132250 0.000000 0.000000 0.000000 0.050492 
 0.132333 0.000000 0.000000 0.000000 0.027390 
 0.132417 0.000000 0.000000 0.000000 0.066669 
 0.132500 0.000000 0.000000 0.000000 0.065486 
 0.132583 0.000000 0.000000 0.000000 0.083471 
 0.132667 0.000000 0.000000 0.000000 0.046846 
 0.132750 0.000000 0.000000 0.000000 0.053104 
 0.132833 0.000000 0.000000 0.000000 0.055827 
 0.132917 0.000000 0.000000 0.000000 0.048410 
 0.133000 0.000000 0.000000 0.000000 0.044984 
 0.133083 0.000000 0.000000 0.000000 0.048723 
 0.133167 0.000000 0.000000 0.000000 0.052884 
 0.133250 0.000000 0.000000 0.000000 0.044866 
 0.133333 0.000000 0.000000 0.000000 0.069411 
 0.133417 0.000000 0.000000 0.000000 0.079065 
 0.133500 0.000000 0.000000 0.000000 0.073493 
 0.133583 0.000000 0.000000 0.000000 0.083497 
 0.133667 0.000000 0.000000 0.000000 0.083497 
 0.133750 0.000000 0.000000 0.000000 0.094479 
 0.133833 0.000000 0.000000 0.000000 0.087596 
 0.133917 0.000000 0.000000 0.000000 0.083772 
 0.134000 0.000000 0.000000 0.000000 0.044313 
 0.134083 0.000000 0.000000 0.000000 0.074456 
 0.134167 0.000000 0.000000 0.000000 0.058334 
 0.134250 0.000000 0.000000 0.000000 0.056590 
 0.134333 0.000000 0.000000 0.000000 0.065217 
 0.134417 0.000000 0.000000 0.000000 0.070384 
 0.134500 0.000000 0.000000 0.000000 0.070384 
 0.134583 0.000000 0.000000 0.000000 0.085321 
 0.134667 0.000000 0.000000 0.000000 0.052706 
 0.134750 0.000000 0.000000 0.000000 0.053118 
 0.134833 0.000000 0.000000 0.000000 0.053118 
 0.134917 0.000000 0.000000 0.000000 0.063815 
 0.135000 0.000000 0.000000 0.000000 0.074679 
 0.135083 0.000000 0.000000 0.000000 0.053717 
 0.135167 0.000000 0.000000 0.000000 -0.042837 
 0.135250 0.000000 0.000000 0.000000 0.011771 
 0.135333 0.000000 0.000000 0.000000 0.010681 
 0.135417 0.000000 0.000000 0.000000 0.010636 
 0.135500 0.000000 0.000000 0.000000 0.022108 
 0.135583 0.000000 0.000000 0.000000 0.063994 
 0.135667 0.000000 0.000000 0.000000 0.019716 
 0.135750 0.000000 0.000000 0.000000 0.019059 
 0.135833 0.000000 0.000000 0.000000 0.036309 
 0.135917 0.000000 0.000000 0.000000 0.034526 
 0.136000 0.000000 0.000000 0.000000 0.034526 
 0.136083 0.000000 0.000000 0.000000 0.044895 
 0.136167 0.000000 0.000000 0.000000 0.037358 
 0.136250 0.000000 0.000000 0.000000 0.041320 
 0.136333 0.000000 0.000000 0.000000 0.053586 
 0.136417 0.000000 0.000000 0.000000 0.015612 
 0.136500 0.000000 0.000000 0.000000 0.021880 
 0.136583 0.000000 0.000000 0.000000 0.033876 
 0.136667 0.000000 0.000000 0.000000 0.009307 
 0.136750 0.000000 0.000000 0.000000 0.013966 
 0.136833 0.000000 0.000000 0.000000 0.031188 
 0.136917 0.000000 0.000000 0.000000 0.029365 
 0.137000 0.000000 0.000000 0.000000 0.020737 
 0.137083 0.000000 0.000000 0.000000 0.031149 
 0.137167 0.000000 0.000000 0.000000 0.022802 
 0.137250 0.000000 0.000000 0.000000 0.016707 
 0.137333 0.000000 0.000000 0.000000 0.043292 
 0.137417 0.000000 0.000000 0.000000 0.039595 
 0.137500 0.000000 0.000000 0.000000 0.028002 
 0.137583 0.000000 0.000000 0.000000 0.024276 
 0.137667 0.000000 0.000000 0.000000 -0.009691 
 0.137750 0.000000 0.000000 0.000000 0.022477 
 0.137833 0.000000 0.000000 0.000000 0.009773 
 0.137917 0.000000 0.000000 0.000000 0.006359 
 0.138000 0.000000 0.000000 0.000000 -0.004344 
 0.138083 0.000000 0.000000 0.000000 -0.007426 
 0.138167 0.000000 0.000000 0.000000 -0.017127 
 0.138250 0.000000 0.000000 0.000000 -0.009151 
 0.138333 0.000000 0.000000 0.000000 -0.030328 
 0.138417 0.000000 0.000000 0.000000 -0.015383 
 0.138500 0.000000 0.000000 0.000000 -0.022833 
 0.138583 0.000000 0.000000 0.000000 -0.016267 
 0.138667 0.000000 0.000000 0.000000 -0.013524 
 0.138750 0.000000 0.000000 0.000000 -0.019025 
 0.138833 0.000000 0.000000 0.000000 -0.010487 
 0.138917 0.000000 0.000000 0.000000 -0.017762 
 0.139000 0.000000 0.000000 0.000000 -0.017762 
 0.139083 0.000000 0.000000 0.000000 -0.019715 
 0.139167 0.000000 0.000000 0.000000 -0.014976 
 0.139250 0.000000 0.000000 0.000000 -0.002547 
 0.139333 0.000000 0.000000 0.000000 -0.001055 
 0.139417 0.000000 0.000000 0.000000 -0.005041 
 0.139500 0.000000 0.000000 0.000000 -0.011329 
 0.139583 0.000000 0.000000 0.000000 -0.007422 
 0.139667 0.000000 0.000000 0.000000 -0.006482 
 0.139750 0.000000 0.000000 0.000000 -0.014903 
 0.139833 0.000000 0.000000 0.000000 -0.024284 
 0.139917 0.000000 0.000000 0.000000 -0.016578 
 0.140000 0.000000 0.000000 0.000000 -0.012153 
 0.140083 0.000000 0.000000 0.000000 -0.014421 
 0.140167 0.000000 0.000000 0.000000 -0.022701 
 0.140250 0.000000 0.000000 0.000000 -0.028041 
 0.140333 0.000000 0.000000 0.000000 -0.013583 
 0.140417 0.000000 0.000000 0.000000 -0.023463 
 0.140500 0.000000 0.000000 0.000000 -0.025873 
 0.140583 0.000000 0.000000 0.000000 -0.029158 
 0.140667 0.000000 0.000000 0.000000 -0.029158 
 0.140750 0.000000 0.000000 0.000000 -0.050161 
 0.140833 0.000000 0.000000 0.000000 -0.022001 
 0.140917 0.000000 0.000000 0.000000 -0.045239 
 0.141000 0.000000 0.000000 0.000000 -0.025238 
 0.141083 0.000000 0.000000 0.000000 -0.015912 
 0.141167 0.000000 0.000000 0.000000 -0.027398 
 0.141250 0.000000 0.000000 0.000000 -0.030012 
 0.141333 0.000000 0.000000 0.000000 -0.040162 
 0.141417 0.000000 0.000000 0.000000 -0.032340 
 0.141500 0.000000 0.000000 0.000000 -0.030654 
 0.141583 0.000000 0.000000 0.000000 -0.046441 
 0.141667 0.000000 0.000000 0.000000 -0.023049 
 0.141750 0.000000 0.000000 0.000000 -0.040002 
 0.141833 0.000000 0.000000 0.000000 -0.028103 
 0.141917 0.000000 0.000000 0.000000 -0.026960 
 0.142000 0.000000 0.000000 0.000000 -0.042738 
 0.142083 0.000000 0.000000 0.000000 -0.045283 
 0.142167 0.000000 0.000000 0.000000 -0.012215 
 0.142250 0.000000 0.000000 0.000000 -0.032834 
 0.142333 0.000000 0.000000 0.000000 -0.020549 
 0.142417 0.000000 0.000000 0.000000 -0.019768 
 0.142500 0.000000 0.000000 0.000000 -0.019768 
 0.142583 0.000000 0.000000 0.000000 -0.039851 
 0.142667 0.000000 0.000000 0.000000 -0.008961 
 0.142750 0.000000 0.000000 0.000000 -0.010394 
 0.142833 0.000000 0.000000 0.000000 0.008679 
 0.142917 0.000000 0.000000 0.000000 0.000258 
 0.143000 0.000000 0.000000 0.000000 0.012527 
 0.143083 0.000000 0.000000 0.000000 -0.016879 
 0.143167 0.000000 0.000000 0.000000 -0.009021 
 0.143250 0.000000 0.000000 0.000000 -0.011082 
 0.143333 0.000000 0.000000 0.000000 0.009338 
 0.143417 0.000000 0.000000 0.000000 -0.024904 
 0.143500 0.000000 0.000000 0.000000 0.010716 
 0.143583 0.000000 0.000000 0.000000 0.036294 
 0.143667 0.000000 0.000000 0.000000 -0.026644 
 0.143750 0.000000 0.000000 0.000000 -0.037946 
 0.143833 0.000000 0.000000 0.000000 -0.037946 
 0.143917 0.000000 0.000000 0.000000 -0.038977 
 0.144000 0.000000 0.000000 0.000000 -0.071414 
 0.144083 0.000000 0.000000 0.000000 -0.020185 
 0.144167 0.000000 0.000000 0.000000 -0.083894 
 0.144250 0.000000 0.000000 0.000000 -0.065394 
 0.144333 0.000000 0.000000 0.000000 -0.054573 
 0.144417 0.000000 0.000000 0.000000 -0.034942 
 0.144500 0.000000 0.000000 0.000000 -0.001542 
 0.144583 0.000000 0.000000 0.000000 -0.002596 
 0.144667 0.000000 0.000000 0.000000 -0.035138 
 0.144750 0.000000 0.000000 0.000000 -0.057083 
 0.144833 0.000000 0.000000 0.000000 0.008077 
 0.144917 0.000000 0.000000 0.000000 0.039762 
 0.145000 0.000000 0.000000 0.000000 0.045664 
 0.145083 0.000000 0.000000 0.000000 0.023059 
 0.145167 0.000000 0.000000 0.000000 0.023059 
 0.145250 0.000000 0.000000 0.000000 0.021236 
 0.145333 0.000000 0.000000 0.000000 0.013375 
 0.145417 0.000000 0.000000 0.000000 -0.000262 
 0.145500 0.000000 0.000000 0.000000 -0.014913 
 0.145583 0.000000 0.000000 0.000000 -0.078011 
 0.145667 0.000000 0.000000 0.000000 0.010640 
 0.145750 0.000000 0.000000 0.000000 0.045949 
 0.145833 0.000000 0.000000 0.000000 0.058247 
 0.145917 0.000000 0.000000 0.000000 0.032218 
 0.146000 0.000000 0.000000 0.000000 0.037868 
 0.146083 0.000000 0.000000 0.000000 -0.045669 
 0.146167 0.000000 0.000000 0.000000 0.023311 
 0.146250 0.000000 0.000000 0.000000 0.004543 
 0.146333 0.000000 0.000000 0.000000 0.021085 
 0.146417 0.000000 0.000000 0.000000 0.034492 
 0.146500 0.000000 0.000000 0.000000 0.034492 
 0.146583 0.000000 0.000000 0.000000 0.031321 
 0.146667 0.000000 0.000000 0.000000 0.034426 
 0.146750 0.000000 0.000000 0.000000 0.013947 
 0.146833 0.000000 0.000000 0.000000 0.013947 
 0.146917 0.000000 0.000000 0.000000 0.024551 
 0.147000 0.000000 0.000000 0.000000 0.024551 
 0.147083 0.000000 0.000000 0.000000 0.021399 
 0.147167 0.000000 0.000000 0.000000 0.010226 
 0.147250 0.000000 0.000000 0.000000 0.017538 
 0.147333 0.000000 0.000000 0.000000 0.006651 
 0.147417 0.000000 0.000000 0.000000 0.014531 
 0.147500 0.000000 0.000000 0.000000 0.025266 
 0.147583 0.000000 0.000000 0.000000 0.022808 
 0.147667 0.000000 0.000000 0.000000 0.022808 
 0.147750 0.000000 0.000000 0.000000 0.030001 
 0.147833 0.000000 0.000000 0.000000 0.020186 
 0.147917 0.000000 0.000000 0.000000 0.017506 
 0.148000 0.000000 0.000000 0.000000 0.017506 
 0.148083 0.000000 0.000000 0.000000 0.026566 
 0.148167 0.000000 0.000000 0.000000 0.038351 
 0.148250 0.000000 0.000000 0.000000 0.039445 
 0.148333 0.000000 0.000000 0.000000 0.034370 
 0.148417 0.000000 0.000000 0.000000 0.033582 
 0.148500 0.000000 0.000000 0.000000 0.041597 
 0.148583 0.000000 0.000000 0.000000 0.050520 
 0.148667 0.000000 0.000000 0.000000 0.055227 
 0.148750 0.000000 0.000000 0.000000 0.054004 
 0.148833 0.000000 0.000000 0.000000 0.060929 
 0.148917 0.000000 0.000000 0.000000 0.061714 
 0.149000 0.000000 0.000000 0.000000 0.061714 
 0.149083 0.000000 0.000000 0.000000 0.059411 
 0.149167 0.000000 0.000000 0.000000 0.064620 
 0.149250 0.000000 0.000000 0.000000 0.051134 
 0.149333 0.000000 0.000000 0.000000 0.056391 
 0.149417 0.000000 0.000000 0.000000 0.056161 
 0.149500 0.000000 0.000000 0.000000 0.065491 
 0.149583 0.000000 0.000000 0.000000 0.058127 
 0.149667 0.000000 0.000000 0.000000 0.050079 
 0.149750 0.000000 0.000000 0.000000 0.046447 
 0.149833 0.000000 0.000000 0.000000 0.046447 
 0.149917 0.000000 0.000000 0.000000 0.045603 
 0.150000 0.000000 0.000000 0.000000 0.048383 
 0.150083 0.000000 0.000000 0.000000 0.043516 
 0.150167 0.000000 0.000000 0.000000 0.031909 
 0.150250 0.000000 0.000000 0.000000 0.046632 
 0.150333 0.000000 0.000000 0.000000 0.048119 
 0.150417 0.000000 0.000000 0.000000 0.042541 
 0.150500 0.000000 0.000000 0.000000 0.044243 
 0.150583 0.000000 0.000000 0.000000 0.028170 
 0.150667 0.000000 0.000000 0.000000 0.059733 
 0.150750 0.000000 0.000000 0.000000 0.044794 
 0.150833 0.000000 0.000000 0.000000 0.056071 
 0.150917 0.000000 0.000000 0.000000 0.040551 
 0.151000 0.000000 0.000000 0.000000 0.052869 
 0.151083 0.000000 0.000000 0.000000 0.051429 
 0.151167 0.000000 0.000000 0.000000 0.077741 
 0.151250 0.000000 0.000000 0.000000 0.055327 
 0.151333 0.000000 0.000000 0.000000 0.067020 
 0.151417 0.000000 0.000000 0.000000 0.066307 
 0.151500 0.000000 0.000000 0.000000 0.054429 
 0.151583 0.000000 0.000000 0.000000 0.038575 
 0.151667 0.000000 0.000000 0.000000 0.062671 
 0.151750 0.000000 0.000000 0.000000 0.046722 
 0.151833 0.000000 0.000000 0.000000 0.046722 
 0.151917 0.000000 0.000000 0.000000 0.067567 
 0.152000 0.000000 0.000000 0.000000 0.038185 
 0.152083 0.000000 0.000000 0.000000 0.052572 
 0.152167 0.000000 0.000000 0.000000 0.082696 
 0.152250 0.000000 0.000000 0.000000 0.059421 
 0.152333 0.000000 0.000000 0.000000 0.053384 
 0.152417 0.000000 0.000000 0.000000 0.079660 
 0.152500 0.000000 0.000000 0.000000 0.041734 
 0.152583 0.000000 0.000000 0.000000 0.024385 
 0.152667 0.000000 0.000000 0.000000 0.048988 
 0.152750 0.000000 0.000000 0.000000 0.038563 
 0.152833 0.000000 0.000000 0.000000 0.063002 
 0.152917 0.000000 0.000000 0.000000 0.069997 
 0.153000 0.000000 0.000000 0.000000 0.082110 
 0.153083 0.000000 0.000000 0.000000 0.073378 
 0.153167 0.000000 0.000000 0.000000 0.061397 
 0.153250 0.000000 0.000000 0.000000 0.076655 
 0.153333 0.000000 0.000000 0.000000 0.055816 
 0.153417 0.000000 0.000000 0.000000 0.081192 
 0.153500 0.000000 0.000000 0.000000 0.060146 
 0.153583 0.000000 0.000000 0.000000 0.043421 
 0.153667 0.000000 0.000000 0.000000 0.064634 
 0.153750 0.000000 0.000000 0.000000 0.058818 
 0.153833 0.000000 0.000000 0.000000 0.058818 
 0.153917 0.000000 0.000000 0.000000 0.054678 
 0.154000 0.000000 0.000000 0.000000 0.086607 
 0.154083 0.000000 0.000000 0.000000 0.050065 
 0.154167 0.000000 0.000000 0.000000 0.050065 
 0.154250 0.000000 0.000000 0.000000 0.034088 
 0.154333 0.000000 0.000000 0.000000 0.022898 
 0.154417 0.000000 0.000000 0.000000 0.029170 
 0.154500 0.000000 0.000000 0.000000 0.040605 
 0.154583 0.000000 0.000000 0.000000 0.056770 
 0.154667 0.000000 0.000000 0.000000 0.045120 
 0.154750 0.000000 0.000000 0.000000 0.063061 
 0.154833 0.000000 0.000000 0.000000 0.042398 
 0.154917 0.000000 0.000000 0.000000 0.066296 
 0.155000 0.000000 0.000000 0.000000 0.045934 
 0.155083 0.000000 0.000000 0.000000 0.060572 
 0.155167 0.000000 0.000000 0.000000 0.052688 
 0.155250 0.000000 0.000000 0.000000 0.059280 
 0.155333 0.000000 0.000000 0.000000 0.047064 
 0.155417 0.000000 0.000000 0.000000 0.060662 
 0.155500 0.000000 0.000000 0.000000 0.072934 
 0.155583 0.000000 0.000000 0.000000 0.060246 
 0.155667 0.000000 0.000000 0.000000 0.072250 
 0.155750 0.000000 0.000000 0.000000 0.067372 
 0.155833 0.000000 0.000000 0.000000 0.037079 
 0.155917 0.000000 0.000000 0.000000 0.050248 
 0.156000 0.000000 0.000000 0.000000 0.055398 
 0.156083 0.000000 0.000000 0.000000 0.025513 
 0.156167 0.000000 0.000000 0.000000 0.046815 
 0.156250 0.000000 0.000000 0.000000 0.036032 
 0.156333 0.000000 0.000000 0.000000 0.047934 
 0.156417 0.000000 0.000000 0.000000 0.044726 
 0.156500 0.000000 0.000000 0.000000 0.038058 
 0.156583 0.000000 0.000000 0.000000 0.043820 
 0.156667 0.000000 0.000000 0.000000 0.017629 
 0.156750 0.000000 0.000000 0.000000 -0.010458 
 0.156833 0.000000 0.000000 0.000000 0.026281 
 0.156917 0.000000 0.000000 0.000000 0.005878 
 0.157000 0.000000 0.000000 0.000000 -0.019679 
 0.157083 0.000000 0.000000 0.000000 0.000997 
 0.157167 0.000000 0.000000 0.000000 0.000997 
 0.157250 0.000000 0.000000 0.000000 0.017749 
 0.157333 0.000000 0.000000 0.000000 0.007014 
 0.157417 0.000000 0.000000 0.000000 0.032885 
 0.157500 0.000000 0.000000 0.000000 0.022960 
 0.157583 0.000000 0.000000 0.000000 0.027682 
 0.157667 0.000000 0.000000 0.000000 0.018695 
 0.157750 0.000000 0.000000 0.000000 0.003274 
 0.157833 0.000000 0.000000 0.000000 0.012910 
 0.157917 0.000000 0.000000 0.000000 0.017489 
 0.158000 0.000000 0.000000 0.000000 0.029137 
 0.158083 0.000000 0.000000 0.000000 0.005929 
 0.158167 0.000000 0.000000 0.000000 0.014742 
 0.158250 0.000000 0.000000 0.000000 0.013666 
 0.158333 0.000000 0.000000 0.000000 0.008899 
 0.158417 0.000000 0.000000 0.000000 -0.049750 
 0.158500 0.000000 0.000000 0.000000 0.009027 
 0.158583 0.000000 0.000000 0.000000 0.009394 
 0.158667 0.000000 0.000000 0.000000 0.021784 
 0.158750 0.000000 0.000000 0.000000 0.012317 
 0.158833 0.000000 0.000000 0.000000 0.026001 
 0.158917 0.000000 0.000000 0.000000 0.026285 
 0.159000 0.000000 0.000000 0.000000 0.032593 
 0.159083 0.000000 0.000000 0.000000 0.028359 
 0.159167 0.000000 0.000000 0.000000 0.002953 
 0.159250 0.000000 0.000000 0.000000 -0.013289 
 0.159333 0.000000 0.000000 0.000000 -0.006178 
 0.159417 0.000000 0.000000 0.000000 -0.002315 
 0.159500 0.000000 0.000000 0.000000 -0.005326 
 0.159583 0.000000 0.000000 0.000000 -0.017897 
 0.159667 0.000000 0.000000 0.000000 -0.013899 
 0.159750 0.000000 0.000000 0.000000 -0.014174 
 0.159833 0.000000 0.000000 0.000000 -0.022756 
 0.159917 0.000000 0.000000 0.000000 -0.021423 
 0.160000 0.000000 0.000000 0.000000 -0.006090 
 0.160083 0.000000 0.000000 0.000000 -0.004030 
 0.160167 0.000000 0.000000 0.000000 -0.008293 
 0.160250 0.000000 0.000000 0.000000 -0.002134 
 0.160333 0.000000 0.000000 0.000000 -0.010517 
 0.160417 0.000000 0.000000 0.000000 -0.013563 
 0.160500 0.000000 0.000000 0.000000 -0.002470 
 0.160583 0.000000 0.000000 0.000000 -0.035454 
 0.160667 0.000000 0.000000 0.000000 -0.024856 
 0.160750 0.000000 0.000000 0.000000 -0.017696 
 0.160833 0.000000 0.000000 0.000000 -0.028184 
 0.160917 0.000000 0.000000 0.000000 -0.007845 
 0.161000 0.000000 0.000000 0.000000 -0.019055 
 0.161083 0.000000 0.000000 0.000000 -0.020989 
 0.161167 0.000000 0.000000 0.000000 0.001926 
 0.161250 0.000000 0.000000 0.000000 0.000447 
 0.161333 0.000000 0.000000 0.000000 0.014473 
 0.161417 0.000000 0.000000 0.000000 0.001881 
 0.161500 0.000000 0.000000 0.000000 -0.010004 
 0.161583 0.000000 0.000000 0.000000 0.016688 
 0.161667 0.000000 0.000000 0.000000 0.001083 
 0.161750 0.000000 0.000000 0.000000 0.008161 
 0.161833 0.000000 0.000000 0.000000 0.003966 
 0.161917 0.000000 0.000000 0.000000 0.001829 
 0.162000 0.000000 0.000000 0.000000 -0.010439 
 0.162083 0.000000 0.000000 0.000000 -0.019357 
 0.162167 0.000000 0.000000 0.000000 -0.001614 
 0.162250 0.000000 0.000000 0.000000 -0.020321 
 0.162333 0.000000 0.000000 0.000000 -0.008402 
 0.162417 0.000000 0.000000 0.000000 0.009001 
 0.162500 0.000000 0.000000 0.000000 -0.003345 
 0.162583 0.000000 0.000000 0.000000 -0.028779 
 0.162667 0.000000 0.000000 0.000000 -0.042886 
 0.162750 0.000000 0.000000 0.000000 -0.014326 
 0.162833 0.000000 0.000000 0.000000 -0.014326 
 0.162917 0.000000 0.000000 0.000000 -0.001823 
 0.163000 0.000000 0.000000 0.000000 -0.022023 
 0.163083 0.000000 0.000000 0.000000 -0.006719 
 0.163167 0.000000 0.000000 0.000000 0.010450 
 0.163250 0.000000 0.000000 0.000000 -0.010271 
 0.163333 0.000000 0.000000 0.000000 -0.010271 
 0.163417 0.000000 0.000000 0.000000 0.020071 
 0.163500 0.000000 0.000000 0.000000 -0.010411 
 0.163583 0.000000 0.000000 0.000000 0.000835 
 0.163667 0.000000 0.000000 0.000000 0.020521 
 0.163750 0.000000 0.000000 0.000000 0.020097 
 0.163833 0.000000 0.000000 0.000000 0.009025 
 0.163917 0.000000 0.000000 0.000000 -0.021619 
 0.164000 0.000000 0.000000 0.000000 -0.042968 
 0.164083 0.000000 0.000000 0.000000 -0.031080 
 0.164167 0.000000 0.000000 0.000000 -0.030612 
 0.164250 0.000000 0.000000 0.000000 -0.029653 
 0.164333 0.000000 0.000000 0.000000 0.001650 
 0.164417 0.000000 0.000000 0.000000 0.025413 
 0.164500 0.000000 0.000000 0.000000 0.046529 
 0.164583 0.000000 0.000000 0.000000 0.040929 
 0.164667 0.000000 0.000000 0.000000 0.008352 
 0.164750 0.000000 0.000000 0.000000 -0.010108 
 0.164833 0.000000 0.000000 0.000000 0.022401 
 0.164917 0.000000 0.000000 0.000000 -0.011346 
 0.165000 0.000000 0.000000 0.000000 0.000663 
 0.165083 0.000000 0.000000 0.000000 0.018396 
 0.165167 0.000000 0.000000 0.000000 0.006259 
 0.165250 0.000000 0.000000 0.000000 -0.019702 
 0.165333 0.000000 0.000000 0.000000 0.019358 
 0.165417 0.000000 0.000000 0.000000 0.014749 
 0.165500 0.000000 0.000000 0.000000 0.020240 
 0.165583 0.000000 0.000000 0.000000 0.033442 
 0.165667 0.000000 0.000000 0.000000 0.039639 
 0.165750 0.000000 0.000000 0.000000 0.052121 
 0.165833 0.000000 0.000000 0.000000 0.040845 
 0.165917 0.000000 0.000000 0.000000 0.034894 
 0.166000 0.000000 0.000000 0.000000 -0.011879 
 0.166083 0.000000 0.000000 0.000000 -0.009833 
 0.166167 0.000000 0.000000 0.000000 0.002315 
 0.166250 0.000000 0.000000 0.000000 -0.067325 
 0.166333 0.000000 0.000000 0.000000 0.008090 
 0.166417 0.000000 0.000000 0.000000 0.000738 
 0.166500 0.000000 0.000000 0.000000 0.012611 
 0.166583 0.000000 0.000000 0.000000 0.022398 