0.000000 -0.105911 -0.105911 -0.105911 0.307456 
 0.000083 -0.106626 -0.106626 -0.106626 0.307208 
 0.000167 -0.099150 -0.099150 -0.099150 0.287210 
 0.000250 -0.090276 -0.090276 -0.090276 0.336175 
 0.000333 -0.106411 -0.106411 -0.106411 0.432773 
 0.000417 -0.120032 -0.120032 -0.120032 0.553397 
 0.000500 -0.118875 -0.118875 -0.118875 0.690902 
 0.000583 -0.115492 -0.115492 -0.115492 0.816829 
 0.000667 -0.113621 -0.113621 -0.113621 0.954326 
 0.000750 -0.131200 -0.131200 -0.131200 1.119408 
 0.000833 -0.124269 -0.124269 -0.124269 1.224710 
 0.000917 -0.125887 -0.125887 -0.125887 1.361922 
 0.001000 -0.149108 -0.149108 -0.149108 1.547233 
 0.001083 -0.142829 -0.142829 -0.142829 1.697183 
 0.001167 -0.150838 -0.150838 -0.150838 1.842512 
 0.001250 -0.132939 -0.132939 -0.132939 1.976242 
 0.001333 -0.124294 -0.124294 -0.124294 2.093754 
 0.001417 -0.127437 -0.127437 -0.127437 2.239366 
 0.001500 -0.125960 -0.125960 -0.125960 2.376868 
 0.001583 -0.111245 -0.111245 -0.111245 2.494624 
 0.001667 -0.123062 -0.123062 -0.123062 2.615611 
 0.001750 -0.115469 -0.115469 -0.115469 2.741271 
 0.001833 -0.110157 -0.110157 -0.110157 2.834366 
 0.001917 -0.095392 -0.095392 -0.095392 2.951983 
 0.002000 -0.087785 -0.087785 -0.087785 3.057239 
 0.002083 -0.099041 -0.099041 -0.099041 3.178279 
 0.002167 -0.095693 -0.095693 -0.095693 3.259194 
 0.002250 -0.070285 -0.070285 -0.070285 3.376982 
 0.002333 -0.064376 -0.064376 -0.064376 3.470041 
 0.002417 -0.067861 -0.067861 -0.067861 3.571035 
 0.002500 -0.087948 -0.087948 -0.087948 3.700063 
 0.002583 -0.065959 -0.065959 -0.065959 3.785308 
 0.002667 -0.064301 -0.064301 -0.064301 3.854043 
 0.002750 -0.026202 -0.026202 -0.026202 3.939354 
 0.002833 -0.012537 -0.012537 -0.012537 4.012216 
 0.002917 0.001472 0.001472 0.001472 4.101127 
 0.003000 0.006177 0.006177 0.006177 4.181974 
 0.003083 0.020796 0.020796 0.020796 4.250646 
 0.003167 0.030270 0.030270 0.030270 4.299150 
 0.003250 0.041363 0.041363 0.041363 4.375802 
 0.003333 0.037390 0.037390 0.037390 4.464728 
 0.003417 0.054608 0.054608 0.054608 4.541317 
 0.003500 0.055334 0.055334 0.055334 4.597893 
 0.003583 0.075854 0.075854 0.075854 4.658286 
 0.003667 0.069996 0.069996 0.069996 4.735139 
 0.003750 0.106803 0.106803 0.106803 4.791047 
 0.003833 0.114581 0.114581 0.114581 4.827288 
 0.003917 0.143891 0.143891 0.143891 4.895253 
 0.004000 0.136354 0.136354 0.136354 4.960107 
 0.004083 0.170108 0.170108 0.170108 4.991396 
 0.004167 0.172076 0.172076 0.172076 5.047944 
 0.004250 0.189013 0.189013 0.189013 5.079679 
 0.004333 0.197397 0.197397 0.197397 5.115784 
 0.004417 0.241633 0.241633 0.241633 5.166450 
 0.004500 0.229683 0.229683 0.229683 5.207443 
 0.004583 0.259853 0.259853 0.259853 5.226268 
 0.004667 0.239350 0.239350 0.239350 5.275896 
 0.004750 0.309357 0.309357 0.309357 5.288374 
 0.004833 0.321232 0.321232 0.321232 5.291682 
 0.004917 0.373163 0.373163 0.373163 5.300426 
 0.005000 0.347163 0.347163 0.347163 5.326599 
 0.005083 0.388976 0.388976 0.388976 5.364336 
 0.005167 0.380395 0.380395 0.380395 5.373145 
 0.005250 0.418005 0.418005 0.418005 5.419284 
 0.005333 0.418005 0.418005 0.418005 5.419284 
 0.005417 0.466858 0.466858 0.466858 5.431825 
 0.005500 0.470479 0.470479 0.470479 5.443637 
 0.005583 0.487720 0.487720 0.487720 5.458707 
 0.005667 0.467378 0.467378 0.467378 5.465023 
 0.005750 0.525987 0.525987 0.525987 5.447577 
 0.005833 0.522157 0.522157 0.522157 5.435830 
 0.005917 0.586858 0.586858 0.586858 5.437601 
 0.006000 0.562691 0.562691 0.562691 5.432725 
 0.006083 0.600194 0.600194 0.600194 5.441947 
 0.006167 0.599921 0.599921 0.599921 5.409303 
 0.006250 0.649979 0.649979 0.649979 5.432607 
 0.006333 0.614212 0.614212 0.614212 5.458785 
 0.006417 0.675081 0.675081 0.675081 5.423910 
 0.006500 0.657345 0.657345 0.657345 5.377781 
 0.006583 0.698454 0.698454 0.698454 5.386464 
 0.006667 0.681682 0.681682 0.681682 5.373173 
 0.006750 0.749825 0.749825 0.749825 5.348664 
 0.006833 0.728082 0.728082 0.728082 5.324240 
 0.006917 0.789618 0.789618 0.789618 5.288049 
 0.007000 0.760191 0.760191 0.760191 5.273866 
 0.007083 0.812943 0.812943 0.812943 5.238714 
 0.007167 0.776156 0.776156 0.776156 5.234949 
 0.007250 0.838205 0.838205 0.838205 5.186244 
 0.007333 0.804741 0.804741 0.804741 5.140550 
 0.007417 0.864007 0.864007 0.864007 5.115957 
 0.007500 0.840786 0.840786 0.840786 5.092934 
 0.007583 0.898203 0.898203 0.898203 5.065400 
 0.007667 0.873584 0.873584 0.873584 5.064107 
 0.007750 0.913350 0.913350 0.913350 4.982543 
 0.007833 0.877667 0.877667 0.877667 4.938559 
 0.007917 0.940298 0.940298 0.940298 4.912459 
 0.008000 0.904184 0.904184 0.904184 4.847719 
 0.008083 0.951936 0.951936 0.951936 4.797820 
 0.008167 0.927283 0.927283 0.927283 4.797820 
 0.008250 0.978351 0.978351 0.978351 4.737744 
 0.008333 0.946772 0.946772 0.946772 4.706302 
 0.008417 0.993313 0.993313 0.993313 4.656710 
 0.008500 0.956360 0.956360 0.956360 4.658113 
 0.008583 0.990128 0.990128 0.990128 4.558667 
 0.008667 0.945139 0.945139 0.945139 4.529039 
 0.008750 1.014667 1.014667 1.014667 4.423531 
 0.008833 0.960235 0.960235 0.960235 4.438417 
 0.008917 1.010739 1.010739 1.010739 4.367019 
 0.009000 0.962244 0.962244 0.962244 4.318199 
 0.009083 1.018346 1.018346 1.018346 4.268900 
 0.009167 0.971507 0.971507 0.971507 4.242294 
 0.009250 0.998762 0.998762 0.998762 4.176892 
 0.009333 0.945322 0.945322 0.945322 4.108891 
 0.009417 0.976505 0.976505 0.976505 4.043187 
 0.009500 0.944333 0.944333 0.944333 4.037519 
 0.009583 1.002077 1.002077 1.002077 3.977086 
 0.009667 0.961736 0.961736 0.961736 3.930300 
 0.009750 0.963255 0.963255 0.963255 3.861460 
 0.009833 0.910088 0.910088 0.910088 3.817776 
 0.009917 0.955754 0.955754 0.955754 3.739419 
 0.010000 0.906379 0.906379 0.906379 3.717879 
 0.010083 0.942392 0.942392 0.942392 3.675496 
 0.010167 0.881809 0.881809 0.881809 3.613774 
 0.010250 0.908566 0.908566 0.908566 3.541609 
 0.010333 0.864326 0.864326 0.864326 3.498491 
 0.010417 0.887253 0.887253 0.887253 3.461259 
 0.010500 0.833086 0.833086 0.833086 3.410649 
 0.010583 0.866779 0.866779 0.866779 3.338453 
 0.010667 0.803915 0.803915 0.803915 3.325427 
 0.010750 0.809823 0.809823 0.809823 3.239729 
 0.010833 0.764952 0.764952 0.764952 3.187635 
 0.010917 0.772396 0.772396 0.772396 3.126028 
 0.011000 0.712843 0.712843 0.712843 3.091554 
 0.011083 0.731459 0.731459 0.731459 3.027520 
 0.011167 0.674281 0.674281 0.674281 2.970169 
 0.011250 0.687899 0.687899 0.687899 2.906581 
 0.011333 0.629534 0.629534 0.629534 2.850440 
 0.011417 0.662890 0.662890 0.662890 2.840906 
 0.011500 0.612149 0.612149 0.612149 2.805669 
 0.011583 0.620852 0.620852 0.620852 2.736471 
 0.011667 0.569245 0.569245 0.569245 2.702514 
 0.011750 0.573530 0.573530 0.573530 2.648287 
 0.011833 0.521093 0.521093 0.521093 2.615627 
 0.011917 0.544495 0.544495 0.544495 2.539722 
 0.012000 0.491253 0.491253 0.491253 2.508392 
 0.012083 0.489374 0.489374 0.489374 2.455101 
 0.012167 0.435335 0.435335 0.435335 2.412591 
 0.012250 0.453329 0.453329 0.453329 2.382138 
 0.012333 0.408468 0.408468 0.408468 2.334699 
 0.012417 0.417153 0.417153 0.417153 2.283062 
 0.012500 0.382960 0.382960 0.382960 2.254571 
 0.012583 0.383629 0.383629 0.383629 2.213193 
 0.012667 0.358950 0.358950 0.358950 2.178347 
 0.012750 0.379380 0.379380 0.379380 2.129053 
 0.012833 0.343883 0.343883 0.343883 2.102205 
 0.012917 0.352766 0.352766 0.352766 2.049240 
 0.013000 0.326235 0.326235 0.326235 2.015783 
 0.013083 0.329286 0.329286 0.329286 1.952648 
 0.013167 0.294471 0.294471 0.294471 1.939927 
 0.013250 0.293420 0.293420 0.293420 1.885057 
 0.013333 0.270035 0.270035 0.270035 1.877071 
 0.013417 0.272417 0.272417 0.272417 1.817354 
 0.013500 0.286976 0.286976 0.286976 1.832970 
 0.013583 0.254555 0.254555 0.254555 1.749489 
 0.013667 0.230567 0.230567 0.230567 1.698454 
 0.013750 0.295946 0.295946 0.295946 1.742965 
 0.013833 0.204310 0.204310 0.204310 1.653453 
 0.013917 0.203196 0.203196 0.203196 1.591456 
 0.014000 0.171766 0.171766 0.171766 1.562552 
 0.014083 0.205703 0.205703 0.205703 1.534103 
 0.014167 0.137338 0.137338 0.137338 1.466366 
 0.014250 0.127106 0.127106 0.127106 1.445233 
 0.014333 0.122890 0.122890 0.122890 1.433681 
 0.014417 0.143804 0.143804 0.143804 1.404810 
 0.014500 0.105684 0.105684 0.105684 1.366993 
 0.014583 0.109775 0.109775 0.109775 1.338041 
 0.014667 0.065732 0.065732 0.065732 1.290020 
 0.014750 0.070004 0.070004 0.070004 1.253367 
 0.014833 0.047392 0.047392 0.047392 1.229911 
 0.014917 0.086986 0.086986 0.086986 1.217987 
 0.015000 0.022752 0.022752 0.022752 1.160474 
 0.015083 0.038740 0.038740 0.038740 1.136968 
 0.015167 0.003088 0.003088 0.003088 1.093277 
 0.015250 -0.021287 -0.021287 -0.021287 1.060550 
 0.015333 -0.039648 -0.039648 -0.039648 1.049655 
 0.015417 0.053553 0.053553 0.053553 1.070656 
 0.015500 -0.027473 -0.027473 -0.027473 1.018726 
 0.015583 0.012762 0.012762 0.012762 1.018556 
 0.015667 -0.076263 -0.076263 -0.076263 0.958492 
 0.015750 -0.064561 -0.064561 -0.064561 0.939795 
 0.015833 -0.090649 -0.090649 -0.090649 0.920279 
 0.015917 -0.114047 -0.114047 -0.114047 0.894503 
 0.016000 -0.147735 -0.147735 -0.147735 0.865613 
 0.016083 -0.135079 -0.135079 -0.135079 0.838178 
 0.016167 -0.149854 -0.149854 -0.149854 0.818515 
 0.016250 -0.113682 -0.113682 -0.113682 0.820694 
 0.016333 -0.133570 -0.133570 -0.133570 0.812929 
 0.016417 -0.137439 -0.137439 -0.137439 0.787676 
 0.016500 -0.153245 -0.153245 -0.153245 0.768832 
 0.016583 -0.140246 -0.140246 -0.140246 0.763547 
 0.016667 -0.148672 -0.148672 -0.148672 0.721788 
 0.016750 -0.150407 -0.150407 -0.150407 0.719189 
 0.016833 -0.167194 -0.167194 -0.167194 0.701214 
 0.016917 -0.177156 -0.177156 -0.177156 0.691138 
 0.017000 -0.153245 -0.153245 -0.153245 0.684904 
 0.017083 -0.182873 -0.182873 -0.182873 0.657929 
 0.017167 -0.191732 -0.191732 -0.191732 0.649400 
 0.017250 -0.183012 -0.183012 -0.183012 0.646111 
 0.017333 -0.192101 -0.192101 -0.192101 0.637827 
 0.017417 -0.184987 -0.184987 -0.184987 0.634493 
 0.017500 -0.243152 -0.243152 -0.243152 0.598299 
 0.017583 -0.224730 -0.224730 -0.224730 0.592541 
 0.017667 -0.222685 -0.222685 -0.222685 0.580385 
 0.017750 -0.247432 -0.247432 -0.247432 0.568306 
 0.017833 -0.268590 -0.268590 -0.268590 0.565452 
 0.017917 -0.262621 -0.262621 -0.262621 0.552576 
 0.018000 -0.251308 -0.251308 -0.251308 0.547610 
 0.018083 -0.247323 -0.247323 -0.247323 0.546830 
 0.018167 -0.246233 -0.246233 -0.246233 0.534551 
 0.018250 -0.261651 -0.261651 -0.261651 0.521206 
 0.018333 -0.250623 -0.250623 -0.250623 0.515634 
 0.018417 -0.268771 -0.268771 -0.268771 0.502454 
 0.018500 -0.279230 -0.279230 -0.279230 0.495986 
 0.018583 -0.265686 -0.265686 -0.265686 0.490997 
 0.018667 -0.276316 -0.276316 -0.276316 0.484813 
 0.018750 -0.273844 -0.273844 -0.273844 0.486244 
 0.018833 -0.295431 -0.295431 -0.295431 0.474458 
 0.018917 -0.306662 -0.306662 -0.306662 0.469600 
 0.019000 -0.349832 -0.349832 -0.349832 0.459309 
 0.019083 -0.337464 -0.337464 -0.337464 0.456800 
 0.019167 -0.370700 -0.370700 -0.370700 0.440786 
 0.019250 -0.337399 -0.337399 -0.337399 0.448461 
 0.019333 -0.327381 -0.327381 -0.327381 0.441229 
 0.019417 -0.347331 -0.347331 -0.347331 0.459425 
 0.019500 -0.382858 -0.382858 -0.382858 0.432923 
 0.019583 -0.317201 -0.317201 -0.317201 0.441090 
 0.019667 -0.330508 -0.330508 -0.330508 0.424458 
 0.019750 -0.329159 -0.329159 -0.329159 0.440619 
 0.019833 -0.373312 -0.373312 -0.373312 0.436142 
 0.019917 -0.341138 -0.341138 -0.341138 0.441180 
 0.020000 -0.322695 -0.322695 -0.322695 0.424734 
 0.020083 -0.354933 -0.354933 -0.354933 0.431556 
 0.020167 -0.345947 -0.345947 -0.345947 0.423077 
 0.020250 -0.347143 -0.347143 -0.347143 0.428350 
 0.020333 -0.359008 -0.359008 -0.359008 0.425119 
 0.020417 -0.339520 -0.339520 -0.339520 0.425201 
 0.020500 -0.351464 -0.351464 -0.351464 0.422273 
 0.020583 -0.365424 -0.365424 -0.365424 0.425156 
 0.020667 -0.357090 -0.357090 -0.357090 0.416036 
 0.020750 -0.336243 -0.336243 -0.336243 0.417313 
 0.020833 -0.348328 -0.348328 -0.348328 0.415034 
 0.020917 -0.364039 -0.364039 -0.364039 0.417994 
 0.021000 -0.360446 -0.360446 -0.360446 0.396898 
 0.021083 -0.381748 -0.381748 -0.381748 0.412641 
 0.021167 -0.374143 -0.374143 -0.374143 0.402904 
 0.021250 -0.348386 -0.348386 -0.348386 0.393037 
 0.021333 -0.372826 -0.372826 -0.372826 0.390281 
 0.021417 -0.384285 -0.384285 -0.384285 0.377293 
 0.021500 -0.384285 -0.384285 -0.384285 0.377293 
 0.021583 -0.393279 -0.393279 -0.393279 0.374185 
 0.021667 -0.398733 -0.398733 -0.398733 0.363132 
 0.021750 -0.382497 -0.382497 -0.382497 0.363016 
 0.021833 -0.362858 -0.362858 -0.362858 0.331581 
 0.021917 -0.359350 -0.359350 -0.359350 0.352607 
 0.022000 -0.377705 -0.377705 -0.377705 0.341799 
 0.022083 -0.386890 -0.386890 -0.386890 0.362634 
 0.022167 -0.393602 -0.393602 -0.393602 0.330664 
 0.022250 -0.356535 -0.356535 -0.356535 0.306161 
 0.022333 -0.404815 -0.404815 -0.404815 0.329665 
 0.022417 -0.402305 -0.402305 -0.402305 0.330615 
 0.022500 -0.409169 -0.409169 -0.409169 0.320377 
 0.022583 -0.389944 -0.389944 -0.389944 0.309086 
 0.022667 -0.409327 -0.409327 -0.409327 0.300255 
 0.022750 -0.402669 -0.402669 -0.402669 0.309127 
 0.022833 -0.422240 -0.422240 -0.422240 0.300722 
 0.022917 -0.408616 -0.408616 -0.408616 0.301627 
 0.023000 -0.404111 -0.404111 -0.404111 0.290123 
 0.023083 -0.430387 -0.430387 -0.430387 0.292700 
 0.023167 -0.405437 -0.405437 -0.405437 0.255843 
 0.023250 -0.426006 -0.426006 -0.426006 0.283903 
 0.023333 -0.434118 -0.434118 -0.434118 0.274622 
 0.023417 -0.434739 -0.434739 -0.434739 0.277443 
 0.023500 -0.408280 -0.408280 -0.408280 0.227429 
 0.023583 -0.450464 -0.450464 -0.450464 0.249161 
 0.023667 -0.453804 -0.453804 -0.453804 0.261057 
 0.023750 -0.467626 -0.467626 -0.467626 0.267268 
 0.023833 -0.473391 -0.473391 -0.473391 0.246659 
 0.023917 -0.479980 -0.479980 -0.479980 0.259932 
 0.024000 -0.459854 -0.459854 -0.459854 0.220234 
 0.024083 -0.489107 -0.489107 -0.489107 0.243515 
 0.024167 -0.514922 -0.514922 -0.514922 0.263390 
 0.024250 -0.478889 -0.478889 -0.478889 0.230562 
 0.024333 -0.502036 -0.502036 -0.502036 0.238876 
 0.024417 -0.403773 -0.403773 -0.403773 0.148395 
 0.024500 -0.489475 -0.489475 -0.489475 0.216440 
 0.024583 -0.493374 -0.493374 -0.493374 0.221851 
 0.024667 -0.503177 -0.503177 -0.503177 0.214377 
 0.024750 -0.494113 -0.494113 -0.494113 0.189722 
 0.024833 -0.515303 -0.515303 -0.515303 0.187552 
 0.024917 -0.499337 -0.499337 -0.499337 0.195132 
 0.025000 -0.509498 -0.509498 -0.509498 0.188154 
 0.025083 -0.504357 -0.504357 -0.504357 0.201531 
 0.025167 -0.524450 -0.524450 -0.524450 0.175774 
 0.025250 -0.508651 -0.508651 -0.508651 0.157870 
 0.025333 -0.519732 -0.519732 -0.519732 0.176119 
 0.025417 -0.526096 -0.526096 -0.526096 0.194444 
 0.025500 -0.536745 -0.536745 -0.536745 0.200594 
 0.025583 -0.532627 -0.532627 -0.532627 0.176490 
 0.025667 -0.543424 -0.543424 -0.543424 0.170544 
 0.025750 -0.509566 -0.509566 -0.509566 0.128057 
 0.025833 -0.579912 -0.579912 -0.579912 0.211880 
 0.025917 -0.616329 -0.616329 -0.616329 0.231023 
 0.026000 -0.566639 -0.566639 -0.566639 0.183864 
 0.026083 -0.582981 -0.582981 -0.582981 0.209080 
 0.026167 -0.585402 -0.585402 -0.585402 0.184489 
 0.026250 -0.561102 -0.561102 -0.561102 0.176477 
 0.026333 -0.572472 -0.572472 -0.572472 0.171716 
 0.026417 -0.559098 -0.559098 -0.559098 0.176158 
 0.026500 -0.576409 -0.576409 -0.576409 0.203759 
 0.026583 -0.573362 -0.573362 -0.573362 0.205812 
 0.026667 -0.573362 -0.573362 -0.573362 0.205812 
 0.026750 -0.578919 -0.578919 -0.578919 0.218269 
 0.026833 -0.578919 -0.578919 -0.578919 0.218269 
 0.026917 -0.576497 -0.576497 -0.576497 0.219628 
 0.027000 -0.576497 -0.576497 -0.576497 0.219628 
 0.027083 -0.568637 -0.568637 -0.568637 0.200400 
 0.027167 -0.580499 -0.580499 -0.580499 0.197049 
 0.027250 -0.575340 -0.575340 -0.575340 0.211642 
 0.027333 -0.590668 -0.590668 -0.590668 0.196708 
 0.027417 -0.576763 -0.576763 -0.576763 0.203701 
 0.027500 -0.585076 -0.585076 -0.585076 0.212762 
 0.027583 -0.575563 -0.575563 -0.575563 0.206168 
 0.027667 -0.575563 -0.575563 -0.575563 0.206168 
 0.027750 -0.558878 -0.558878 -0.558878 0.189781 
 0.027833 -0.566735 -0.566735 -0.566735 0.199241 
 0.027917 -0.558511 -0.558511 -0.558511 0.192276 
 0.028000 -0.573745 -0.573745 -0.573745 0.211585 
 0.028083 -0.571018 -0.571018 -0.571018 0.192130 
 0.028167 -0.580968 -0.580968 -0.580968 0.223153 
 0.028250 -0.587473 -0.587473 -0.587473 0.236369 
 0.028333 -0.585447 -0.585447 -0.585447 0.215116 
 0.028417 -0.578230 -0.578230 -0.578230 0.208836 
 0.028500 -0.597407 -0.597407 -0.597407 0.218106 
 0.028583 -0.583700 -0.583700 -0.583700 0.202716 
 0.028667 -0.589410 -0.589410 -0.589410 0.191760 
 0.028750 -0.584173 -0.584173 -0.584173 0.184772 
 0.028833 -0.590520 -0.590520 -0.590520 0.195305 
 0.028917 -0.598913 -0.598913 -0.598913 0.185583 
 0.029000 -0.611186 -0.611186 -0.611186 0.206897 
 0.029083 -0.606722 -0.606722 -0.606722 0.180352 
 0.029167 -0.593780 -0.593780 -0.593780 0.201403 
 0.029250 -0.596107 -0.596107 -0.596107 0.185590 
 0.029333 -0.608418 -0.608418 -0.608418 0.186211 
 0.029417 -0.602074 -0.602074 -0.602074 0.222034 
 0.029500 -0.603776 -0.603776 -0.603776 0.200752 
 0.029583 -0.612735 -0.612735 -0.612735 0.196813 
 0.029667 -0.620001 -0.620001 -0.620001 0.186821 
 0.029750 -0.613761 -0.613761 -0.613761 0.167778 
 0.029833 -0.621244 -0.621244 -0.621244 0.157946 
 0.029917 -0.612468 -0.612468 -0.612468 0.162601 
 0.030000 -0.635677 -0.635677 -0.635677 0.133701 
 0.030083 -0.628876 -0.628876 -0.628876 0.168522 
 0.030167 -0.620469 -0.620469 -0.620469 0.145409 
 0.030250 -0.628569 -0.628569 -0.628569 0.163893 
 0.030333 -0.632471 -0.632471 -0.632471 0.175555 
 0.030417 -0.624485 -0.624485 -0.624485 0.178829 
 0.030500 -0.632890 -0.632890 -0.632890 0.169773 
 0.030583 -0.651772 -0.651772 -0.651772 0.193530 
 0.030667 -0.659210 -0.659210 -0.659210 0.140351 
 0.030750 -0.647173 -0.647173 -0.647173 0.163213 
 0.030833 -0.652984 -0.652984 -0.652984 0.142669 
 0.030917 -0.649076 -0.649076 -0.649076 0.159508 
 0.031000 -0.667206 -0.667206 -0.667206 0.142718 
 0.031083 -0.663299 -0.663299 -0.663299 0.159898 
 0.031167 -0.679442 -0.679442 -0.679442 0.131524 
 0.031250 -0.666672 -0.666672 -0.666672 0.155493 
 0.031333 -0.674012 -0.674012 -0.674012 0.135445 
 0.031417 -0.670304 -0.670304 -0.670304 0.152742 
 0.031500 -0.662450 -0.662450 -0.662450 0.172595 
 0.031583 -0.685012 -0.685012 -0.685012 0.139790 
 0.031667 -0.685012 -0.685012 -0.685012 0.139790 
 0.031750 -0.689671 -0.689671 -0.689671 0.139375 
 0.031833 -0.674467 -0.674467 -0.674467 0.202736 
 0.031917 -0.674775 -0.674775 -0.674775 0.151587 
 0.032000 -0.667272 -0.667272 -0.667272 0.195328 
 0.032083 -0.681407 -0.681407 -0.681407 0.160679 
 0.032167 -0.691784 -0.691784 -0.691784 0.153973 
 0.032250 -0.688011 -0.688011 -0.688011 0.156301 
 0.032333 -0.707975 -0.707975 -0.707975 0.106454 
 0.032417 -0.694399 -0.694399 -0.694399 0.142963 
 0.032500 -0.683764 -0.683764 -0.683764 0.161475 
 0.032583 -0.701102 -0.701102 -0.701102 0.166930 
 0.032667 -0.712205 -0.712205 -0.712205 0.148694 
 0.032750 -0.719766 -0.719766 -0.719766 0.148760 
 0.032833 -0.709367 -0.709367 -0.709367 0.142141 
 0.032917 -0.694751 -0.694751 -0.694751 0.164051 
 0.033000 -0.705860 -0.705860 -0.705860 0.158644 
 0.033083 -0.714036 -0.714036 -0.714036 0.159104 
 0.033167 -0.714036 -0.714036 -0.714036 0.159104 
 0.033250 -0.698418 -0.698418 -0.698418 0.181940 
 0.033333 -0.727104 -0.727104 -0.727104 0.123434 
 0.033417 -0.707617 -0.707617 -0.707617 0.179942 
 0.033500 -0.709363 -0.709363 -0.709363 0.167769 
 0.033583 -0.695379 -0.695379 -0.695379 0.177778 
 0.033667 -0.709012 -0.709012 -0.709012 0.161348 
 0.033750 -0.690276 -0.690276 -0.690276 0.196664 
 0.033833 -0.701970 -0.701970 -0.701970 0.192676 
 0.033917 -0.699984 -0.699984 -0.699984 0.196859 
 0.034000 -0.702644 -0.702644 -0.702644 0.184852 
 0.034083 -0.695212 -0.695212 -0.695212 0.213101 
 0.034167 -0.671479 -0.671479 -0.671479 0.219984 
 0.034250 -0.687767 -0.687767 -0.687767 0.196785 
 0.034333 -0.679040 -0.679040 -0.679040 0.188080 
 0.034417 -0.667061 -0.667061 -0.667061 0.228687 
 0.034500 -0.663547 -0.663547 -0.663547 0.240472 
 0.034583 -0.661047 -0.661047 -0.661047 0.245529 
 0.034667 -0.664859 -0.664859 -0.664859 0.233838 
 0.034750 -0.646629 -0.646629 -0.646629 0.252711 
 0.034833 -0.666986 -0.666986 -0.666986 0.227274 
 0.034917 -0.662093 -0.662093 -0.662093 0.241158 
 0.035000 -0.637707 -0.637707 -0.637707 0.245154 
 0.035083 -0.636006 -0.636006 -0.636006 0.249641 
 0.035167 -0.626742 -0.626742 -0.626742 0.272425 
 0.035250 -0.629499 -0.629499 -0.629499 0.265623 
 0.035333 -0.617221 -0.617221 -0.617221 0.267006 
 0.035417 -0.628276 -0.628276 -0.628276 0.269164 
 0.035500 -0.638638 -0.638638 -0.638638 0.246858 
 0.035583 -0.620423 -0.620423 -0.620423 0.262386 
 0.035667 -0.625861 -0.625861 -0.625861 0.251356 
 0.035750 -0.588439 -0.588439 -0.588439 0.279954 
 0.035833 -0.612252 -0.612252 -0.612252 0.257718 
 0.035917 -0.611583 -0.611583 -0.611583 0.262300 
 0.036000 -0.623937 -0.623937 -0.623937 0.262134 
 0.036083 -0.618829 -0.618829 -0.618829 0.252824 
 0.036167 -0.612618 -0.612618 -0.612618 0.263438 
 0.036250 -0.611735 -0.611735 -0.611735 0.269536 
 0.036333 -0.592890 -0.592890 -0.592890 0.279570 
 0.036417 -0.612451 -0.612451 -0.612451 0.272479 
 0.036500 -0.606836 -0.606836 -0.606836 0.261505 
 0.036583 -0.594757 -0.594757 -0.594757 0.265513 
 0.036667 -0.601736 -0.601736 -0.601736 0.255387 
 0.036750 -0.595714 -0.595714 -0.595714 0.269133 
 0.036833 -0.583424 -0.583424 -0.583424 0.267865 
 0.036917 -0.596145 -0.596145 -0.596145 0.274402 
 0.037000 -0.583891 -0.583891 -0.583891 0.272823 
 0.037083 -0.596694 -0.596694 -0.596694 0.279860 
 0.037167 -0.584484 -0.584484 -0.584484 0.277970 
 0.037250 -0.565230 -0.565230 -0.565230 0.290228 
 0.037333 -0.601213 -0.601213 -0.601213 0.264252 
 0.037417 -0.612132 -0.612132 -0.612132 0.257600 
 0.037500 -0.571655 -0.571655 -0.571655 0.271198 
 0.037583 -0.592960 -0.592960 -0.592960 0.271166 
 0.037667 -0.601330 -0.601330 -0.601330 0.262156 
 0.037750 -0.591928 -0.591928 -0.591928 0.263644 
 0.037833 -0.591928 -0.591928 -0.591928 0.263644 
 0.037917 -0.585081 -0.585081 -0.585081 0.278510 
 0.038000 -0.564393 -0.564393 -0.564393 0.283786 
 0.038083 -0.584612 -0.584612 -0.584612 0.271621 
 0.038167 -0.593597 -0.593597 -0.593597 0.263225 
 0.038250 -0.577423 -0.577423 -0.577423 0.286587 
 0.038333 -0.586621 -0.586621 -0.586621 0.278425 
 0.038417 -0.559594 -0.559594 -0.559594 0.294586 
 0.038500 -0.580601 -0.580601 -0.580601 0.290771 
 0.038583 -0.583276 -0.583276 -0.583276 0.296367 
 0.038667 -0.583276 -0.583276 -0.583276 0.296367 
 0.038750 -0.583363 -0.583363 -0.583363 0.291901 
 0.038833 -0.573612 -0.573612 -0.573612 0.299393 
 0.038917 -0.564579 -0.564579 -0.564579 0.301404 
 0.039000 -0.595747 -0.595747 -0.595747 0.291917 
 0.039083 -0.611150 -0.611150 -0.611150 0.301780 
 0.039167 -0.598836 -0.598836 -0.598836 0.284278 
 0.039250 -0.590363 -0.590363 -0.590363 0.287616 
 0.039333 -0.591158 -0.591158 -0.591158 0.299917 
 0.039417 -0.564130 -0.564130 -0.564130 0.325052 
 0.039500 -0.573980 -0.573980 -0.573980 0.306167 
 0.039583 -0.576518 -0.576518 -0.576518 0.314450 
 0.039667 -0.565729 -0.565729 -0.565729 0.308428 
 0.039750 -0.590574 -0.590574 -0.590574 0.315439 
 0.039833 -0.569172 -0.569172 -0.569172 0.327559 
 0.039917 -0.583380 -0.583380 -0.583380 0.328553 
 0.040000 -0.604719 -0.604719 -0.604719 0.329236 
 0.040083 -0.586052 -0.586052 -0.586052 0.337327 
 0.040167 -0.543421 -0.543421 -0.543421 0.334905 
 0.040250 -0.556158 -0.556158 -0.556158 0.350128 
 0.040333 -0.545989 -0.545989 -0.545989 0.343111 
 0.040417 -0.515876 -0.515876 -0.515876 0.354577 
 0.040500 -0.559583 -0.559583 -0.559583 0.346880 
 0.040583 -0.550619 -0.550619 -0.550619 0.360940 
 0.040667 -0.561981 -0.561981 -0.561981 0.356237 
 0.040750 -0.564670 -0.564670 -0.564670 0.374704 
 0.040833 -0.555017 -0.555017 -0.555017 0.366993 
 0.040917 -0.513814 -0.513814 -0.513814 0.380222 
 0.041000 -0.504341 -0.504341 -0.504341 0.372290 
 0.041083 -0.530452 -0.530452 -0.530452 0.372122 
 0.041167 -0.542098 -0.542098 -0.542098 0.368175 
 0.041250 -0.532728 -0.532728 -0.532728 0.381607 
 0.041333 -0.532728 -0.532728 -0.532728 0.381607 
 0.041417 -0.512627 -0.512627 -0.512627 0.396317 
 0.041500 -0.524445 -0.524445 -0.524445 0.392914 
 0.041583 -0.502573 -0.502573 -0.502573 0.408992 
 0.041667 -0.464633 -0.464633 -0.464633 0.385722 
 0.041750 -0.496848 -0.496848 -0.496848 0.408227 
 0.041833 -0.503811 -0.503811 -0.503811 0.384578 
 0.041917 -0.480975 -0.480975 -0.480975 0.367365 
 0.042000 -0.507481 -0.507481 -0.507481 0.285251 
 0.042083 -0.497027 -0.497027 -0.497027 0.177852 
 0.042167 -0.497343 -0.497343 -0.497343 0.047182 
 0.042250 -0.495961 -0.495961 -0.495961 -0.093099 
 0.042333 -0.483662 -0.483662 -0.483662 -0.242867 
 0.042417 -0.528080 -0.528080 -0.528080 -0.354834 
 0.042500 -0.524122 -0.524122 -0.524122 -0.516293 
 0.042583 -0.544313 -0.544313 -0.544313 -0.635386 
 0.042667 -0.526717 -0.526717 -0.526717 -0.784149 
 0.042750 -0.546393 -0.546393 -0.546393 -0.899764 
 0.042833 -0.558981 -0.558981 -0.558981 -1.029826 
 0.042917 -0.609858 -0.609858 -0.609858 -1.126997 
 0.043000 -0.651272 -0.651272 -0.651272 -1.237112 
 0.043083 -0.679997 -0.679997 -0.679997 -1.318799 
 0.043167 -0.673655 -0.673655 -0.673655 -1.447042 
 0.043250 -0.695395 -0.695395 -0.695395 -1.570756 
 0.043333 -0.729345 -0.729345 -0.729345 -1.678627 
 0.043417 -0.746971 -0.746971 -0.746971 -1.779844 
 0.043500 -0.771102 -0.771102 -0.771102 -1.865510 
 0.043583 -0.838777 -0.838777 -0.838777 -1.954410 
 0.043667 -0.834249 -0.834249 -0.834249 -2.050817 
 0.043750 -0.881060 -0.881060 -0.881060 -2.126673 
 0.043833 -0.879723 -0.879723 -0.879723 -2.244543 
 0.043917 -0.947690 -0.947690 -0.947690 -2.299971 
 0.044000 -0.922876 -0.922876 -0.922876 -2.398048 
 0.044083 -0.976102 -0.976102 -0.976102 -2.452090 
 0.044167 -0.995469 -0.995469 -0.995469 -2.536339 
 0.044250 -1.041086 -1.041086 -1.041086 -2.602969 
 0.044333 -1.025398 -1.025398 -1.025398 -2.690705 
 0.044417 -1.102285 -1.102285 -1.102285 -2.721087 
 0.044500 -1.093102 -1.093102 -1.093102 -2.797725 
 0.044583 -1.107430 -1.107430 -1.107430 -2.869015 
 0.044667 -1.104241 -1.104241 -1.104241 -2.934337 
 0.044750 -1.196908 -1.196908 -1.196908 -2.968309 
 0.044833 -1.174534 -1.174534 -1.174534 -3.058890 
 0.044917 -1.203802 -1.203802 -1.203802 -3.107557 
 0.045000 -1.187374 -1.187374 -1.187374 -3.154168 
 0.045083 -1.265307 -1.265307 -1.265307 -3.171435 
 0.045167 -1.245839 -1.245839 -1.245839 -3.230064 
 0.045250 -1.291776 -1.291776 -1.291776 -3.253211 
 0.045333 -1.265091 -1.265091 -1.265091 -3.303104 
 0.045417 -1.339010 -1.339010 -1.339010 -3.319543 
 0.045500 -1.321796 -1.321796 -1.321796 -3.378873 
 0.045583 -1.356552 -1.356552 -1.356552 -3.405807 
 0.045667 -1.400870 -1.400870 -1.400870 -3.405138 
 0.045750 -1.385274 -1.385274 -1.385274 -3.490740 
 0.045833 -1.429881 -1.429881 -1.429881 -3.444777 
 0.045917 -1.384189 -1.384189 -1.384189 -3.529680 
 0.046000 -1.375678 -1.375678 -1.375678 -3.565755 
 0.046083 -1.407945 -1.407945 -1.407945 -3.606406 
 0.046167 -1.405341 -1.405341 -1.405341 -3.618484 
 0.046250 -1.416110 -1.416110 -1.416110 -3.667968 
 0.046333 -1.427754 -1.427754 -1.427754 -3.664015 
 0.046417 -1.442601 -1.442601 -1.442601 -3.679166 
 0.046500 -1.391799 -1.391799 -1.391799 -3.719970 
 0.046583 -1.483843 -1.483843 -1.483843 -3.673346 
 0.046667 -1.445295 -1.445295 -1.445295 -3.710728 
 0.046750 -1.454372 -1.454372 -1.454372 -3.729890 
 0.046833 -1.433322 -1.433322 -1.433322 -3.726634 
 0.046917 -1.466574 -1.466574 -1.466574 -3.748675 
 0.047000 -1.430787 -1.430787 -1.430787 -3.774920 
 0.047083 -1.463669 -1.463669 -1.463669 -3.774781 
 0.047167 -1.443996 -1.443996 -1.443996 -3.759924 
 0.047250 -1.461615 -1.461615 -1.461615 -3.766567 
 0.047333 -1.416669 -1.416669 -1.416669 -3.786556 
 0.047417 -1.434110 -1.434110 -1.434110 -3.782547 
 0.047500 -1.415166 -1.415166 -1.415166 -3.755934 
 0.047583 -1.447921 -1.447921 -1.447921 -3.733446 
 0.047667 -1.415596 -1.415596 -1.415596 -3.737053 
 0.047750 -1.430731 -1.430731 -1.430731 -3.746818 
 0.047833 -1.386643 -1.386643 -1.386643 -3.768634 
 0.047917 -1.394796 -1.394796 -1.394796 -3.745815 
 0.048000 -1.339977 -1.339977 -1.339977 -3.773665 
 0.048083 -1.374087 -1.374087 -1.374087 -3.726616 
 0.048167 -1.364745 -1.364745 -1.364745 -3.695279 
 0.048250 -1.347175 -1.347175 -1.347175 -3.712449 
 0.048333 -1.315061 -1.315061 -1.315061 -3.717607 
 0.048417 -1.322285 -1.322285 -1.322285 -3.696703 
 0.048500 -1.290687 -1.290687 -1.290687 -3.677492 
 0.048583 -1.311878 -1.311878 -1.311878 -3.649770 
 0.048667 -1.258499 -1.258499 -1.258499 -3.667782 
 0.048750 -1.279356 -1.279356 -1.279356 -3.615958 
 0.048833 -1.247267 -1.247267 -1.247267 -3.585128 
 0.048917 -1.242362 -1.242362 -1.242362 -3.584734 
 0.049000 -1.220694 -1.220694 -1.220694 -3.560288 
 0.049083 -1.214144 -1.214144 -1.214144 -3.536223 
 0.049167 -1.171555 -1.171555 -1.171555 -3.537181 
 0.049250 -1.158761 -1.158761 -1.158761 -3.503522 
 0.049333 -1.126198 -1.126198 -1.126198 -3.485995 
 0.049417 -1.144962 -1.144962 -1.144962 -3.458004 
 0.049500 -1.111198 -1.111198 -1.111198 -3.416073 
 0.049583 -1.113208 -1.113208 -1.113208 -3.375062 
 0.049667 -1.080971 -1.080971 -1.080971 -3.370498 
 0.049750 -1.051515 -1.051515 -1.051515 -3.372134 
 0.049833 -1.017768 -1.017768 -1.017768 -3.343128 
 0.049917 -1.017670 -1.017670 -1.017670 -3.287642 
 0.050000 -1.014349 -1.014349 -1.014349 -3.238333 
 0.050083 -1.000522 -1.000522 -1.000522 -3.232340 
 0.050167 -0.966309 -0.966309 -0.966309 -3.203883 
 0.050250 -0.972343 -0.972343 -0.972343 -3.184647 
 0.050333 -0.927790 -0.927790 -0.927790 -3.163525 
 0.050417 -0.936408 -0.936408 -0.936408 -3.127162 
 0.050500 -0.901749 -0.901749 -0.901749 -3.099251 
 0.050583 -0.909518 -0.909518 -0.909518 -3.050565 
 0.050667 -0.863444 -0.863444 -0.863444 -3.017788 
 0.050750 -0.854531 -0.854531 -0.854531 -2.965765 
 0.050833 -0.840698 -0.840698 -0.840698 -2.936136 
 0.050917 -0.840000 -0.840000 -0.840000 -2.864707 
 0.051000 -0.807553 -0.807553 -0.807553 -2.862020 
 0.051083 -0.805311 -0.805311 -0.805311 -2.808320 
 0.051167 -0.772842 -0.772842 -0.772842 -2.805914 
 0.051250 -0.761746 -0.761746 -0.761746 -2.754969 
 0.051333 -0.744221 -0.744221 -0.744221 -2.701110 
 0.051417 -0.739098 -0.739098 -0.739098 -2.681899 
 0.051500 -0.719835 -0.719835 -0.719835 -2.615838 
 0.051583 -0.726682 -0.726682 -0.726682 -2.567901 
 0.051667 -0.690794 -0.690794 -0.690794 -2.541589 
 0.051750 -0.679235 -0.679235 -0.679235 -2.486147 
 0.051833 -0.666100 -0.666100 -0.666100 -2.469252 
 0.051917 -0.648766 -0.648766 -0.648766 -2.420395 
 0.052000 -0.624125 -0.624125 -0.624125 -2.398948 
 0.052083 -0.615085 -0.615085 -0.615085 -2.386206 
 0.052167 -0.604000 -0.604000 -0.604000 -2.312908 
 0.052250 -0.594841 -0.594841 -0.594841 -2.256967 
 0.052333 -0.581464 -0.581464 -0.581464 -2.240264 
 0.052417 -0.567582 -0.567582 -0.567582 -2.198296 
 0.052500 -0.542695 -0.542695 -0.542695 -2.177134 
 0.052583 -0.531638 -0.531638 -0.531638 -2.134510 
 0.052667 -0.510372 -0.510372 -0.510372 -2.069066 
 0.052750 -0.505733 -0.505733 -0.505733 -2.050268 
 0.052833 -0.495703 -0.495703 -0.495703 -1.989311 
 0.052917 -0.493299 -0.493299 -0.493299 -1.939125 
 0.053000 -0.456670 -0.456670 -0.456670 -1.913855 
 0.053083 -0.476238 -0.476238 -0.476238 -1.834510 
 0.053167 -0.453129 -0.453129 -0.453129 -1.825922 
 0.053250 -0.447173 -0.447173 -0.447173 -1.776603 
 0.053333 -0.440783 -0.440783 -0.440783 -1.740092 
 0.053417 -0.445953 -0.445953 -0.445953 -1.707859 
 0.053500 -0.437433 -0.437433 -0.437433 -1.659177 
 0.053583 -0.441000 -0.441000 -0.441000 -1.576344 
 0.053667 -0.427237 -0.427237 -0.427237 -1.559957 
 0.053750 -0.411246 -0.411246 -0.411246 -1.518670 
 0.053833 -0.400243 -0.400243 -0.400243 -1.457881 
 0.053917 -0.395522 -0.395522 -0.395522 -1.408110 
 0.054000 -0.388815 -0.388815 -0.388815 -1.371656 
 0.054083 -0.381838 -0.381838 -0.381838 -1.322485 
 0.054167 -0.388933 -0.388933 -0.388933 -1.302349 
 0.054250 -0.385836 -0.385836 -0.385836 -1.264793 
 0.054333 -0.367353 -0.367353 -0.367353 -1.224242 
 0.054417 -0.354621 -0.354621 -0.354621 -1.194812 
 0.054500 -0.354628 -0.354628 -0.354628 -1.138230 
 0.054583 -0.347733 -0.347733 -0.347733 -1.101802 
 0.054667 -0.333780 -0.333780 -0.333780 -1.085576 
 0.054750 -0.347480 -0.347480 -0.347480 -1.019464 
 0.054833 -0.340348 -0.340348 -0.340348 -0.983091 
 0.054917 -0.329455 -0.329455 -0.329455 -0.935082 
 0.055000 -0.315457 -0.315457 -0.315457 -0.918895 
 0.055083 -0.307251 -0.307251 -0.307251 -0.869950 
 0.055167 -0.288477 -0.288477 -0.288477 -0.829534 
 0.055250 -0.289505 -0.289505 -0.289505 -0.785488 
 0.055333 -0.282427 -0.282427 -0.282427 -0.749104 
 0.055417 -0.265762 -0.265762 -0.265762 -0.707895 
 0.055500 -0.281880 -0.281880 -0.281880 -0.679582 
 0.055583 -0.275649 -0.275649 -0.275649 -0.642811 
 0.055667 -0.277656 -0.277656 -0.277656 -0.598349 
 0.055750 -0.273680 -0.273680 -0.273680 -0.573710 
 0.055833 -0.247925 -0.247925 -0.247925 -0.553615 
 0.055917 -0.247406 -0.247406 -0.247406 -0.497051 
 0.056000 -0.210473 -0.210473 -0.210473 -0.529543 
 0.056083 -0.217461 -0.217461 -0.217461 -0.452405 
 0.056167 -0.224235 -0.224235 -0.224235 -0.432158 
 0.056250 -0.230944 -0.230944 -0.230944 -0.355006 
 0.056333 -0.210060 -0.210060 -0.210060 -0.359198 
 0.056417 -0.205626 -0.205626 -0.205626 -0.334681 
 0.056500 -0.200661 -0.200661 -0.200661 -0.310474 
 0.056583 -0.195273 -0.195273 -0.195273 -0.286556 
 0.056667 -0.181135 -0.181135 -0.181135 -0.270492 
 0.056750 -0.186104 -0.186104 -0.186104 -0.237590 
 0.056833 -0.196977 -0.196977 -0.196977 -0.184938 
 0.056917 -0.175837 -0.175837 -0.175837 -0.189441 
 0.057000 -0.173355 -0.173355 -0.173355 -0.177337 
 0.057083 -0.170872 -0.170872 -0.170872 -0.165234 
 0.057167 -0.165908 -0.165908 -0.165908 -0.141027 
 0.057250 -0.156922 -0.156922 -0.156922 -0.148968 
 0.057333 -0.174481 -0.174481 -0.174481 -0.076040 
 0.057417 -0.174481 -0.174481 -0.174481 -0.076040 
 0.057500 -0.169482 -0.169482 -0.169482 -0.051840 
 0.057583 -0.166864 -0.166864 -0.166864 -0.040234 
 0.057667 -0.150263 -0.150263 -0.150263 -0.012061 
 0.057750 -0.156997 -0.156997 -0.156997 0.008418 
 0.057833 -0.163715 -0.163715 -0.163715 0.028684 
 0.057917 -0.149485 -0.149485 -0.149485 0.044958 
 0.058000 -0.151985 -0.151985 -0.151985 0.032858 
 0.058083 -0.158596 -0.158596 -0.158596 0.053360 
 0.058167 -0.144388 -0.144388 -0.144388 0.069363 
 0.058250 -0.157859 -0.157859 -0.157859 0.109710 
 0.058333 -0.152860 -0.152860 -0.152860 0.133910 
 0.058417 -0.141174 -0.141174 -0.141174 0.137833 
 0.058500 -0.116116 -0.116116 -0.116116 0.101205 
 0.058583 -0.126989 -0.126989 -0.126989 0.153857 
 0.058667 -0.133675 -0.133675 -0.133675 0.174133 
 0.058750 -0.130636 -0.130636 -0.130636 0.186612 
 0.058833 -0.133171 -0.133171 -0.133171 0.174519 
 0.058917 -0.112804 -0.112804 -0.112804 0.169880 
 0.059000 -0.119490 -0.119490 -0.119490 0.190156 
 0.059083 -0.107529 -0.107529 -0.107529 0.194233 
 0.059167 -0.116703 -0.116703 -0.116703 0.202422 
 0.059250 -0.120497 -0.120497 -0.120497 0.234982 
 0.059333 -0.113870 -0.113870 -0.113870 0.214686 
 0.059417 -0.115046 -0.115046 -0.115046 0.259337 
 0.059500 -0.121644 -0.121644 -0.121644 0.279642 
 0.059583 -0.113679 -0.113679 -0.113679 0.270931 
 0.059667 -0.104493 -0.104493 -0.104493 0.262755 
 0.059750 -0.113294 -0.113294 -0.113294 0.271092 
 0.059833 -0.113294 -0.113294 -0.113294 0.271092 
 0.059917 -0.117418 -0.117418 -0.117418 0.303481 
 0.060000 -0.114901 -0.114901 -0.114901 0.315577 
 0.060083 -0.110374 -0.110374 -0.110374 0.283346 
 0.060167 -0.114469 -0.114469 -0.114469 0.315733 
 0.060250 -0.114901 -0.114901 -0.114901 0.315577 
 0.060333 -0.112383 -0.112383 -0.112383 0.327673 
 0.060417 -0.100238 -0.100238 -0.100238 0.331716 
 0.060500 -0.091076 -0.091076 -0.091076 0.323514 
 0.060583 -0.096553 -0.096553 -0.096553 0.299197 
 0.060667 -0.114901 -0.114901 -0.114901 0.315577 
 0.060750 -0.112848 -0.112848 -0.112848 0.327513 
 0.060833 -0.103663 -0.103663 -0.103663 0.319336 
 0.060917 -0.095414 -0.095414 -0.095414 0.310874 
 0.061000 -0.088668 -0.088668 -0.088668 0.290617 
 0.061083 -0.099070 -0.099070 -0.099070 0.287101 
 0.061167 -0.096553 -0.096553 -0.096553 0.299197 
 0.061250 -0.105290 -0.105290 -0.105290 0.307537 
 0.061333 -0.111917 -0.111917 -0.111917 0.327832 
 0.061417 -0.098662 -0.098662 -0.098662 0.343535 
 0.061500 -0.101163 -0.101163 -0.101163 0.331436 
 0.061583 -0.100692 -0.100692 -0.100692 0.331579 
 0.061667 -0.103209 -0.103209 -0.103209 0.319483 
 0.061750 -0.094036 -0.094036 -0.094036 0.311293 
 0.061833 -0.087379 -0.087379 -0.087379 0.291007 
 0.061917 -0.096978 -0.096978 -0.096978 0.299060 
 0.062000 -0.085292 -0.085292 -0.085292 0.302983 
 0.062083 -0.101181 -0.101181 -0.101181 0.331430 
 0.062167 -0.085309 -0.085309 -0.085309 0.302978 
 0.062250 -0.101200 -0.101200 -0.101200 0.331425 
 0.062333 -0.089514 -0.089514 -0.089514 0.335349 
 0.062417 -0.073188 -0.073188 -0.073188 0.307006 
 0.062500 -0.091536 -0.091536 -0.091536 0.323384 
 0.062583 -0.100692 -0.100692 -0.100692 0.331579 
 0.062667 -0.103209 -0.103209 -0.103209 0.319483 
 0.062750 -0.103209 -0.103209 -0.103209 0.319483 
 0.062833 -0.094036 -0.094036 -0.094036 0.311293 
 0.062917 -0.109884 -0.109884 -0.109884 0.339763 
 0.063000 -0.098193 -0.098193 -0.098193 0.343670 
 0.063083 -0.091995 -0.091995 -0.091995 0.323254 
 0.063167 -0.055252 -0.055252 -0.055252 0.290549 
 0.063250 -0.091995 -0.091995 -0.091995 0.323254 
 0.063333 -0.117053 -0.117053 -0.117053 0.359882 
 0.063417 -0.103209 -0.103209 -0.103209 0.319483 
 0.063500 -0.084862 -0.084862 -0.084862 0.303104 
 0.063583 -0.103681 -0.103681 -0.103681 0.319330 
 0.063667 -0.106180 -0.106180 -0.106180 0.307231 
 0.063750 -0.142111 -0.142111 -0.142111 0.396511 
 0.063833 -0.110367 -0.110367 -0.110367 0.339606 
 0.063917 -0.126239 -0.126239 -0.126239 0.368059 
 0.064000 -0.110367 -0.110367 -0.110367 0.339606 
 0.064083 -0.115103 -0.115103 -0.115103 0.371813 
 0.064167 -0.110868 -0.110868 -0.110868 0.339443 
 0.064250 -0.122034 -0.122034 -0.122034 0.335690 
 0.064333 -0.106163 -0.106163 -0.106163 0.307236 
 0.064417 -0.104134 -0.104134 -0.104134 0.319183 
 0.064500 -0.101651 -0.101651 -0.101651 0.331286 
 0.064583 -0.105727 -0.105727 -0.105727 0.307387 
 0.064667 -0.103209 -0.103209 -0.103209 0.319483 
 0.064750 -0.104134 -0.104134 -0.104134 0.319183 
 0.064833 -0.094936 -0.094936 -0.094936 0.311020 
 0.064917 -0.099189 -0.099189 -0.099189 0.343384 
 0.065000 -0.080793 -0.080793 -0.080793 0.327059 
 0.065083 -0.097144 -0.097144 -0.097144 0.343968 
 0.065167 -0.108846 -0.108846 -0.108846 0.340097 
 0.065250 -0.103681 -0.103681 -0.103681 0.319330 
 0.065333 -0.101181 -0.101181 -0.101181 0.331430 
 0.065417 -0.091995 -0.091995 -0.091995 0.323254 
 0.065500 -0.110367 -0.110367 -0.110367 0.339606 
 0.065583 -0.110868 -0.110868 -0.110868 0.339443 
 0.065667 -0.115103 -0.115103 -0.115103 0.371813 
 0.065750 -0.092454 -0.092454 -0.092454 0.323123 
 0.065833 -0.094936 -0.094936 -0.094936 0.311020 
 0.065917 -0.096994 -0.096994 -0.096994 0.299054 
 0.066000 -0.110367 -0.110367 -0.110367 0.339606 
 0.066083 -0.113834 -0.113834 -0.113834 0.327172 
 0.066167 -0.104624 -0.104624 -0.104624 0.319023 
 0.066250 -0.106634 -0.106634 -0.106634 0.307073 
 0.066333 -0.110868 -0.110868 -0.110868 0.339443 
 0.066417 -0.108366 -0.108366 -0.108366 0.351553 
 0.066500 -0.101651 -0.101651 -0.101651 0.331286 
 0.066583 -0.110888 -0.110888 -0.110888 0.339437 
 0.066667 -0.117605 -0.117605 -0.117605 0.359702 
 0.066750 -0.113350 -0.113350 -0.113350 0.327340 
 0.066833 -0.110868 -0.110868 -0.110868 0.339443 
 0.066917 -0.113815 -0.113815 -0.113815 0.327178 
 0.067000 -0.107070 -0.107070 -0.107070 0.306922 
 0.067083 -0.097860 -0.097860 -0.097860 0.298772 
 0.067167 -0.104605 -0.104605 -0.104605 0.319029 
 0.067250 -0.120066 -0.120066 -0.120066 0.347606 
 0.067333 -0.104152 -0.104152 -0.104152 0.319177 
 0.067417 -0.109405 -0.109405 -0.109405 0.351231 
 0.067500 -0.093408 -0.093408 -0.093408 0.322848 
 0.067583 -0.099676 -0.099676 -0.099676 0.343243 
 0.067667 -0.095396 -0.095396 -0.095396 0.310879 
 0.067750 -0.095874 -0.095874 -0.095874 0.310732 
 0.067833 -0.105096 -0.105096 -0.105096 0.318867 
 0.067917 -0.105077 -0.105077 -0.105077 0.318874 
 0.068000 -0.105077 -0.105077 -0.105077 0.318874 
 0.068083 -0.105529 -0.105529 -0.105529 0.318724 
 0.068167 -0.112332 -0.112332 -0.112332 0.338961 
 0.068250 -0.111370 -0.111370 -0.111370 0.339279 
 0.068333 -0.104624 -0.104624 -0.104624 0.319023 
 0.068417 -0.104152 -0.104152 -0.104152 0.319177 
 0.068500 -0.094954 -0.094954 -0.094954 0.311014 
 0.068583 -0.097436 -0.097436 -0.097436 0.298911 
 0.068667 -0.115832 -0.115832 -0.115832 0.315236 
 0.068750 -0.102630 -0.102630 -0.102630 0.330984 
 0.068833 -0.102630 -0.102630 -0.102630 0.330984 
 0.068917 -0.102141 -0.102141 -0.102141 0.331136 
 0.069000 -0.083722 -0.083722 -0.083722 0.314837 
 0.069083 -0.083740 -0.083740 -0.083740 0.314832 
 0.069167 -0.092950 -0.092950 -0.092950 0.322981 
 0.069250 -0.093408 -0.093408 -0.093408 0.322848 
 0.069333 -0.102630 -0.102630 -0.102630 0.330984 
 0.069417 -0.105077 -0.105077 -0.105077 0.318874 
 0.069500 -0.105077 -0.105077 -0.105077 0.318874 
 0.069583 -0.086634 -0.086634 -0.086634 0.302602 
 0.069667 -0.100748 -0.100748 -0.100748 0.286517 
 0.069750 -0.116745 -0.116745 -0.116745 0.314899 
 0.069833 -0.107523 -0.107523 -0.107523 0.306763 
 0.069917 -0.116279 -0.116279 -0.116279 0.315071 
 0.070000 -0.107070 -0.107070 -0.107070 0.306922 
 0.070083 -0.086615 -0.086615 -0.086615 0.302607 
 0.070167 -0.109384 -0.109384 -0.109384 0.351238 
 0.070250 -0.103099 -0.103099 -0.103099 0.330839 
 0.070333 -0.112332 -0.112332 -0.112332 0.338961 
 0.070417 -0.111851 -0.111851 -0.111851 0.339120 
 0.070500 -0.086634 -0.086634 -0.086634 0.302602 
 0.070583 -0.079441 -0.079441 -0.079441 0.282473 
 0.070667 -0.113815 -0.113815 -0.113815 0.327178 
 0.070750 -0.148188 -0.148188 -0.148188 0.371884 
 0.070833 -0.104605 -0.104605 -0.104605 0.319029 
 0.070917 -0.099167 -0.099167 -0.099167 0.298341 
 0.071000 -0.101177 -0.101177 -0.101177 0.342803 
 0.071083 -0.102630 -0.102630 -0.102630 0.330984 
 0.071167 -0.102630 -0.102630 -0.102630 0.330984 
 0.071250 -0.105548 -0.105548 -0.105548 0.318718 
 0.071333 -0.096315 -0.096315 -0.096315 0.310596 
 0.071417 -0.108412 -0.108412 -0.108412 0.306450 
 0.071500 -0.106000 -0.106000 -0.106000 0.318568 
 0.071583 -0.111350 -0.111350 -0.111350 0.339285 
 0.071667 -0.108886 -0.108886 -0.108886 0.351392 
 0.071750 -0.101177 -0.101177 -0.101177 0.342803 
 0.071833 -0.043295 -0.043295 -0.043295 0.306266 
 0.071917 -0.098743 -0.098743 -0.098743 0.298481 
 0.072000 -0.093886 -0.093886 -0.093886 0.322710 
 0.072083 -0.098707 -0.098707 -0.098707 0.298494 
 0.072167 -0.105509 -0.105509 -0.105509 0.318731 
 0.072250 -0.095855 -0.095855 -0.095855 0.310738 
 0.072333 -0.084187 -0.084187 -0.084187 0.314712 
 0.072417 -0.078265 -0.078265 -0.078265 0.294240 
 0.072500 -0.082687 -0.082687 -0.082687 0.326585 
 0.072583 -0.103120 -0.103120 -0.103120 0.330832 
 0.072667 -0.105548 -0.105548 -0.105548 0.318718 
 0.072750 -0.105548 -0.105548 -0.105548 0.318718 
 0.072833 -0.103120 -0.103120 -0.103120 0.330832 
 0.072917 -0.096755 -0.096755 -0.096755 0.310459 
 0.073000 -0.096755 -0.096755 -0.096755 0.310459 
 0.073083 -0.105077 -0.105077 -0.105077 0.318874 
 0.073167 -0.118626 -0.118626 -0.118626 0.359367 
 0.073250 -0.087063 -0.087063 -0.087063 0.302479 
 0.073333 -0.100670 -0.100670 -0.100670 0.342953 
 0.073417 -0.093886 -0.093886 -0.093886 0.322710 
 0.073500 -0.096315 -0.096315 -0.096315 0.310596 
 0.073583 -0.096296 -0.096296 -0.096296 0.310602 
 0.073667 -0.105529 -0.105529 -0.105529 0.318724 
 0.073750 -0.113312 -0.113312 -0.113312 0.327353 
 0.073833 -0.092435 -0.092435 -0.092435 0.323128 
 0.073917 -0.087063 -0.087063 -0.087063 0.302479 
 0.074000 -0.098725 -0.098725 -0.098725 0.298487 
 0.074083 -0.090942 -0.090942 -0.090942 0.334965 
 0.074167 -0.086615 -0.086615 -0.086615 0.302607 
 0.074250 -0.097695 -0.097695 -0.097695 0.310164 
 0.074333 -0.116234 -0.116234 -0.116234 0.326326 
 0.074417 -0.105529 -0.105529 -0.105529 0.318724 
 0.074500 -0.096296 -0.096296 -0.096296 0.310602 
 0.074583 -0.092333 -0.092333 -0.092333 0.278114 
 0.074667 -0.089922 -0.089922 -0.089922 0.290232 
 0.074750 -0.096276 -0.096276 -0.096276 0.310607 
 0.074833 -0.107939 -0.107939 -0.107939 0.306617 
 0.074917 -0.095377 -0.095377 -0.095377 0.310885 
 0.075000 -0.092912 -0.092912 -0.092912 0.322992 
 0.075083 -0.093886 -0.093886 -0.093886 0.322710 
 0.075167 -0.068614 -0.068614 -0.068614 0.286229 
 0.075250 -0.087044 -0.087044 -0.087044 0.302484 
 0.075333 -0.087044 -0.087044 -0.087044 0.302484 
 0.075417 -0.098302 -0.098302 -0.098302 0.298627 
 0.075500 -0.100748 -0.100748 -0.100748 0.286517 
 0.075583 -0.114741 -0.114741 -0.114741 0.326854 
 0.075667 -0.107939 -0.107939 -0.107939 0.306617 
 0.075750 -0.089903 -0.089903 -0.089903 0.290238 
 0.075833 -0.085079 -0.085079 -0.085079 0.314473 
 0.075917 -0.093886 -0.093886 -0.093886 0.322710 
 0.076000 -0.093886 -0.093886 -0.093886 0.322710 
 0.076083 -0.103099 -0.103099 -0.103099 0.330839 
 0.076167 -0.087063 -0.087063 -0.087063 0.302479 
 0.076250 -0.095836 -0.095836 -0.095836 0.310744 
 0.076333 -0.093389 -0.093389 -0.093389 0.322854 
 0.076417 -0.093866 -0.093866 -0.093866 0.322716 
 0.076500 -0.087063 -0.087063 -0.087063 0.302479 
 0.076583 -0.077829 -0.077829 -0.077829 0.294356 
 0.076667 -0.093866 -0.093866 -0.093866 0.322716 
 0.076750 -0.100649 -0.100649 -0.100649 0.342959 
 0.076833 -0.082183 -0.082183 -0.082183 0.326712 
 0.076917 -0.084633 -0.084633 -0.084633 0.314593 
 0.077000 -0.084633 -0.084633 -0.084633 0.314593 
 0.077083 -0.105529 -0.105529 -0.105529 0.318724 
 0.077167 -0.098725 -0.098725 -0.098725 0.298487 
 0.077250 -0.105077 -0.105077 -0.105077 0.318874 
 0.077333 -0.098302 -0.098302 -0.098302 0.298627 
 0.077417 -0.100748 -0.100748 -0.100748 0.286517 
 0.077500 -0.098302 -0.098302 -0.098302 0.298627 
 0.077583 -0.114762 -0.114762 -0.114762 0.326847 
 0.077667 -0.114762 -0.114762 -0.114762 0.326847 
 0.077750 -0.102630 -0.102630 -0.102630 0.330984 
 0.077833 -0.105077 -0.105077 -0.105077 0.318874 
 0.077917 -0.095855 -0.095855 -0.095855 0.310738 
 0.078000 -0.084187 -0.084187 -0.084187 0.314712 
 0.078083 -0.098725 -0.098725 -0.098725 0.298487 
 0.078167 -0.098725 -0.098725 -0.098725 0.298487 
 0.078250 -0.095855 -0.095855 -0.095855 0.310738 
 0.078333 -0.098302 -0.098302 -0.098302 0.298627 
 0.078417 -0.095855 -0.095855 -0.095855 0.310738 
 0.078500 -0.086634 -0.086634 -0.086634 0.302602 
 0.078583 -0.093866 -0.093866 -0.093866 0.322716 
 0.078667 -0.103099 -0.103099 -0.103099 0.330839 
 0.078750 -0.073472 -0.073472 -0.073472 0.262000 
 0.078833 -0.103120 -0.103120 -0.103120 0.330832 
 0.078917 -0.094364 -0.094364 -0.094364 0.322570 
 0.079000 -0.103609 -0.103609 -0.103609 0.330679 
 0.079083 -0.112332 -0.112332 -0.112332 0.338961 
 0.079167 -0.107958 -0.107958 -0.107958 0.306610 
 0.079250 -0.107523 -0.107523 -0.107523 0.306763 
 0.079333 -0.121638 -0.121638 -0.121638 0.290678 
 0.079417 -0.105077 -0.105077 -0.105077 0.318874 
 0.079500 -0.095855 -0.095855 -0.095855 0.310738 
 0.079583 -0.115224 -0.115224 -0.115224 0.326684 
 0.079667 -0.124469 -0.124469 -0.124469 0.334794 
 0.079750 -0.121587 -0.121587 -0.121587 0.347077 
 0.079833 -0.098743 -0.098743 -0.098743 0.298481 
 0.079917 -0.107977 -0.107977 -0.107977 0.306604 
 0.080000 -0.114782 -0.114782 -0.114782 0.326840 
 0.080083 -0.102141 -0.102141 -0.102141 0.331136 
 0.080167 -0.111350 -0.111350 -0.111350 0.339285 
 0.080250 -0.118605 -0.118605 -0.118605 0.359374 
 0.080333 -0.111831 -0.111831 -0.111831 0.339127 
 0.080417 -0.114782 -0.114782 -0.114782 0.326840 
 0.080500 -0.117210 -0.117210 -0.117210 0.314726 
 0.080583 -0.113815 -0.113815 -0.113815 0.327178 
 0.080667 -0.107070 -0.107070 -0.107070 0.306922 
 0.080750 -0.117543 -0.117543 -0.117543 0.359723 
 0.080833 -0.104115 -0.104115 -0.104115 0.319189 
 0.080917 -0.079441 -0.079441 -0.079441 0.282473 
 0.081000 -0.102141 -0.102141 -0.102141 0.331136 
 0.081083 -0.105057 -0.105057 -0.105057 0.318880 
 0.081167 -0.105057 -0.105057 -0.105057 0.318880 
 0.081250 -0.092931 -0.092931 -0.092931 0.322986 
 0.081333 -0.074512 -0.074512 -0.074512 0.306687 
 0.081417 -0.085722 -0.085722 -0.085722 0.302861 
 0.081500 -0.094918 -0.094918 -0.094918 0.311025 
 0.081583 -0.101154 -0.101154 -0.101154 0.286373 
 0.081667 -0.107958 -0.107958 -0.107958 0.306610 
 0.081750 -0.098302 -0.098302 -0.098302 0.298627 
 0.081833 -0.105077 -0.105077 -0.105077 0.318874 
 0.081917 -0.105077 -0.105077 -0.105077 0.318874 
 0.082000 -0.102630 -0.102630 -0.102630 0.330984 
 0.082083 -0.090962 -0.090962 -0.090962 0.334959 
 0.082167 -0.100183 -0.100183 -0.100183 0.343095 
 0.082250 -0.095855 -0.095855 -0.095855 0.310738 
 0.082333 -0.111851 -0.111851 -0.111851 0.339120 
 0.082417 -0.105057 -0.105057 -0.105057 0.318880 
 0.082500 -0.095836 -0.095836 -0.095836 0.310744 
 0.082583 -0.113331 -0.113331 -0.113331 0.327346 
 0.082667 -0.097419 -0.097419 -0.097419 0.298916 
 0.082750 -0.115224 -0.115224 -0.115224 0.326684 
 0.082833 -0.094323 -0.094323 -0.094323 0.322582 
 0.082917 -0.106936 -0.106936 -0.106936 0.363348 
 0.083000 -0.134599 -0.134599 -0.134599 0.387758 
 0.083083 -0.109384 -0.109384 -0.109384 0.351238 
 0.083167 -0.095836 -0.095836 -0.095836 0.310744 
 0.083250 -0.105077 -0.105077 -0.105077 0.318874 