0.000000 0.286445 0.286445 0.286445 0.020398 
 0.000083 0.286445 0.286445 0.286445 0.020398 
 0.000167 0.317557 0.317557 0.317557 0.010509 
 0.000250 0.300503 0.300503 0.300503 0.049765 
 0.000333 0.277651 0.277651 0.277651 0.133224 
 0.000417 0.301355 0.301355 0.301355 0.248339 
 0.000500 0.305130 0.305130 0.305130 0.378292 
 0.000583 0.320264 0.320264 0.320264 0.513037 
 0.000667 0.328422 0.328422 0.328422 0.666638 
 0.000750 0.333975 0.333975 0.333975 0.808743 
 0.000833 0.359305 0.359305 0.359305 0.948840 
 0.000917 0.344831 0.344831 0.344831 1.105718 
 0.001000 0.339558 0.339558 0.339558 1.255405 
 0.001083 0.332148 0.332148 0.332148 1.380400 
 0.001167 0.363145 0.363145 0.363145 1.531518 
 0.001250 0.368698 0.368698 0.368698 1.673623 
 0.001333 0.374251 0.374251 0.374251 1.815729 
 0.001417 0.367099 0.367099 0.367099 1.940739 
 0.001500 0.414797 0.414797 0.414797 2.065272 
 0.001583 0.428911 0.428911 0.428911 2.187726 
 0.001667 0.425298 0.425298 0.425298 2.312104 
 0.001750 0.418403 0.418403 0.418403 2.437129 
 0.001833 0.463050 0.463050 0.463050 2.537182 
 0.001917 0.454756 0.454756 0.454756 2.649965 
 0.002000 0.451384 0.451384 0.451384 2.761949 
 0.002083 0.464478 0.464478 0.464478 2.872112 
 0.002167 0.495048 0.495048 0.495048 2.986064 
 0.002250 0.506890 0.506890 0.506890 3.083963 
 0.002333 0.494900 0.494900 0.494900 3.203357 
 0.002417 0.485739 0.485739 0.485739 3.303950 
 0.002500 0.515521 0.515521 0.515521 3.393157 
 0.002583 0.527766 0.527766 0.527766 3.491006 
 0.002667 0.557211 0.557211 0.557211 3.580216 
 0.002750 0.535577 0.535577 0.535577 3.663911 
 0.002833 0.560919 0.560919 0.560919 3.747373 
 0.002917 0.581914 0.581914 0.581914 3.825369 
 0.003000 0.572393 0.572393 0.572393 3.919895 
 0.003083 0.593591 0.593591 0.593591 3.997837 
 0.003167 0.623193 0.623193 0.623193 4.074502 
 0.003250 0.677091 0.677091 0.677091 4.154024 
 0.003333 0.674150 0.674150 0.674150 4.222598 
 0.003417 0.673029 0.673029 0.673029 4.291277 
 0.003500 0.696146 0.696146 0.696146 4.350008 
 0.003583 0.726048 0.726048 0.726048 4.407853 
 0.003667 0.773966 0.773966 0.773966 4.468668 
 0.003750 0.762036 0.762036 0.762036 4.532905 
 0.003833 0.789453 0.789453 0.789453 4.578245 
 0.003917 0.798884 0.798884 0.798884 4.639152 
 0.004000 0.826960 0.826960 0.826960 4.684299 
 0.004083 0.823216 0.823216 0.823216 4.728641 
 0.004167 0.870904 0.870904 0.870904 4.776587 
 0.004250 0.878952 0.878952 0.878952 4.825232 
 0.004333 0.908003 0.908003 0.908003 4.863634 
 0.004417 0.906914 0.906914 0.906914 4.920168 
 0.004500 0.942712 0.942712 0.942712 4.951081 
 0.004583 0.949210 0.949210 0.949210 4.987485 
 0.004667 1.019431 1.019431 1.019431 5.017932 
 0.004750 1.023913 1.023913 1.023913 5.042175 
 0.004833 1.104046 1.104046 1.104046 5.063394 
 0.004917 1.080931 1.080931 1.080931 5.112051 
 0.005000 1.105648 1.105648 1.105648 5.119373 
 0.005083 1.101239 1.101239 1.101239 5.151741 
 0.005167 1.181558 1.181558 1.181558 5.159418 
 0.005250 1.177492 1.177492 1.177492 5.191832 
 0.005333 1.243793 1.243793 1.243793 5.195771 
 0.005417 1.239921 1.239921 1.239921 5.228209 
 0.005500 1.306854 1.306854 1.306854 5.218391 
 0.005583 1.297834 1.297834 1.297834 5.226833 
 0.005667 1.343951 1.343951 1.343951 5.227892 
 0.005750 1.358593 1.358593 1.358593 5.243362 
 0.005833 1.392178 1.392178 1.392178 5.234253 
 0.005917 1.395148 1.395148 1.395148 5.246216 
 0.006000 1.475332 1.475332 1.475332 5.243576 
 0.006083 1.454707 1.454707 1.454707 5.249089 
 0.006167 1.520097 1.520097 1.520097 5.237057 
 0.006250 1.543906 1.543906 1.543906 5.243227 
 0.006333 1.611133 1.611133 1.611133 5.229588 
 0.006417 1.611133 1.611133 1.611133 5.229588 
 0.006500 1.676224 1.676224 1.676224 5.209089 
 0.006583 1.660739 1.660739 1.660739 5.194464 
 0.006667 1.693494 1.693494 1.693494 5.177236 
 0.006750 1.718638 1.718638 1.718638 5.150002 
 0.006833 1.803282 1.803282 1.803282 5.120978 
 0.006917 1.787434 1.787434 1.787434 5.106746 
 0.007000 1.847632 1.847632 1.847632 5.085276 
 0.007083 1.831618 1.831618 1.831618 5.071231 
 0.007167 1.902117 1.902117 1.902117 5.025638 
 0.007250 1.918112 1.918112 1.918112 5.006804 
 0.007333 1.968414 1.968414 1.968414 4.980384 
 0.007417 1.972048 1.972048 1.972048 4.959295 
 0.007500 2.020404 2.020404 2.020404 4.926025 
 0.007583 1.964051 1.964051 1.964051 4.928147 
 0.007667 2.089531 2.089531 2.089531 4.863807 
 0.007750 2.080372 2.080372 2.080372 4.840919 
 0.007833 2.141807 2.141807 2.141807 4.787066 
 0.007917 2.144515 2.144515 2.144515 4.765838 
 0.008000 2.196407 2.196407 2.196407 4.721521 
 0.008083 2.201205 2.201205 2.201205 4.678990 
 0.008167 2.293381 2.293381 2.293381 4.621389 
 0.008250 2.263792 2.263792 2.263792 4.607885 
 0.008333 2.327425 2.327425 2.327425 4.541800 
 0.008417 2.285382 2.285382 2.285382 4.527767 
 0.008500 2.337604 2.337604 2.337604 4.466047 
 0.008583 2.319879 2.319879 2.319879 4.454234 
 0.008667 2.377785 2.377785 2.377785 4.382040 
 0.008750 2.373304 2.373304 2.373304 4.349681 
 0.008833 2.468444 2.468444 2.468444 4.261841 
 0.008917 2.444564 2.444564 2.444564 4.239709 
 0.009000 2.515850 2.515850 2.515850 4.155421 
 0.009083 2.497578 2.497578 2.497578 4.144473 
 0.009167 2.511224 2.511224 2.511224 4.070179 
 0.009250 2.511212 2.511212 2.511212 4.048779 
 0.009333 2.586734 2.586734 2.586734 3.979286 
 0.009417 2.561730 2.561730 2.561730 3.958433 
 0.009500 2.613896 2.613896 2.613896 3.872636 
 0.009583 2.594302 2.594302 2.594302 3.841274 
 0.009667 2.650489 2.650489 2.650489 3.765534 
 0.009750 2.600242 2.600242 2.600242 3.746900 
 0.009833 2.650106 2.650106 2.650106 3.666290 
 0.009917 2.659295 2.659295 2.659295 3.622683 
 0.010000 2.703081 2.703081 2.703081 3.558402 
 0.010083 2.693983 2.693983 2.693983 3.527027 
 0.010167 2.743130 2.743130 2.743130 3.450135 
 0.010250 2.709068 2.709068 2.709068 3.421674 
 0.010333 2.758945 2.758945 2.758945 3.333758 
 0.010417 2.731775 2.731775 2.731775 3.315820 
 0.010500 2.758771 2.758771 2.758771 3.236532 
 0.010583 2.755577 2.755577 2.755577 3.215372 
 0.010667 2.834884 2.834884 2.834884 3.099128 
 0.010750 2.807091 2.807091 2.807091 3.082170 
 0.010833 2.814773 2.814773 2.814773 3.022582 
 0.010917 2.778597 2.778597 2.778597 2.996861 
 0.011000 2.813593 2.813593 2.813593 2.920961 
 0.011083 2.788898 2.788898 2.788898 2.893435 
 0.011167 2.833806 2.833806 2.833806 2.798119 
 0.011250 2.863611 2.863611 2.863611 2.736159 
 0.011333 2.873664 2.873664 2.873664 2.686749 
 0.011417 2.824061 2.824061 2.824061 2.666378 
 0.011500 2.866349 2.866349 2.866349 2.575638 
 0.011583 2.825102 2.825102 2.825102 2.564988 
 0.011667 2.854654 2.854654 2.854654 2.494781 
 0.011750 2.827823 2.827823 2.827823 2.469334 
 0.011833 2.859325 2.859325 2.859325 2.385622 
 0.011917 2.843713 2.843713 2.843713 2.356926 
 0.012000 2.842452 2.842452 2.842452 2.279186 
 0.012083 2.833171 2.833171 2.833171 2.271075 
 0.012167 2.841871 2.841871 2.841871 2.189628 
 0.012250 2.832416 2.832416 2.832416 2.181720 
 0.012333 2.853601 2.853601 2.853601 2.092034 
 0.012417 2.836118 2.836118 2.836118 2.064438 
 0.012500 2.816247 2.816247 2.816247 2.026487 
 0.012583 2.799870 2.799870 2.799870 1.986944 
 0.012667 2.849092 2.849092 2.849092 1.863994 
 0.012750 2.816676 2.816676 2.816676 1.866656 
 0.012833 2.828137 2.828137 2.828137 1.791543 
 0.012917 2.806915 2.806915 2.806915 1.789717 
 0.013000 2.832780 2.832780 2.832780 1.691824 
 0.013083 2.812317 2.812317 2.812317 1.678075 
 0.013167 2.843887 2.843887 2.843887 1.564582 
 0.013250 2.812208 2.812208 2.812208 1.557067 
 0.013333 2.820756 2.820756 2.820756 1.501425 
 0.013417 2.788447 2.788447 2.788447 1.519235 
 0.013500 2.799283 2.799283 2.799283 1.433891 
 0.013583 2.756704 2.756704 2.756704 1.446208 
 0.013667 2.746099 2.746099 2.746099 1.397396 
 0.013750 2.735302 2.735302 2.735302 1.391449 
 0.013833 2.752212 2.752212 2.752212 1.302604 
 0.013917 2.730931 2.730931 2.730931 1.303514 
 0.014000 2.726201 2.726201 2.726201 1.240003 
 0.014083 2.703289 2.703289 2.703289 1.216718 
 0.014167 2.706669 2.706669 2.706669 1.147459 
 0.014250 2.675385 2.675385 2.675385 1.156357 
 0.014333 2.698013 2.698013 2.698013 1.071232 
 0.014417 2.675467 2.675467 2.675467 1.061260 
 0.014500 2.673887 2.673887 2.673887 0.980093 
 0.014583 2.643030 2.643030 2.643030 0.990379 
 0.014667 2.689498 2.689498 2.689498 0.864946 
 0.014750 2.620708 2.620708 2.620708 0.906986 
 0.014833 2.621861 2.621861 2.621861 0.863248 
 0.014917 2.598676 2.598676 2.598676 0.854867 
 0.015000 2.586961 2.586961 2.586961 0.809329 
 0.015083 2.575279 2.575279 2.575279 0.805396 
 0.015167 2.577287 2.577287 2.577287 0.756282 
 0.015250 2.550146 2.550146 2.550146 0.781272 
 0.015333 2.542255 2.542255 2.542255 0.743341 
 0.015417 2.518578 2.518578 2.518578 0.736475 
 0.015500 2.522437 2.522437 2.522437 0.677054 
 0.015583 2.498612 2.498612 2.498612 0.670717 
 0.015667 2.492670 2.492670 2.492670 0.593451 
 0.015750 2.458807 2.458807 2.458807 0.629129 
 0.015833 2.448123 2.448123 2.448123 0.598632 
 0.015917 2.436084 2.436084 2.436084 0.595986 
 0.016000 2.420584 2.420584 2.420584 0.557692 
 0.016083 2.424587 2.424587 2.424587 0.536721 
 0.016167 2.388465 2.388465 2.388465 0.505211 
 0.016250 2.360652 2.360652 2.360652 0.522072 
 0.016333 2.368656 2.368656 2.368656 0.449894 
 0.016417 2.356460 2.356460 2.356460 0.448108 
 0.016500 2.338068 2.338068 2.338068 0.418263 
 0.016583 2.330678 2.330678 2.330678 0.428093 
 0.016667 2.323809 2.323809 2.323809 0.414020 
 0.016750 2.274756 2.274756 2.274756 0.409029 
 0.016833 2.275910 2.275910 2.275910 0.371261 
 0.016917 2.256681 2.256681 2.256681 0.380422 
 0.017000 2.245196 2.245196 2.245196 0.328753 
 0.017083 2.211382 2.211382 2.211382 0.380109 
 0.017167 2.212567 2.212567 2.212567 0.359161 
 0.017250 2.193733 2.193733 2.193733 0.369110 
 0.017333 2.183301 2.183301 2.183301 0.307347 
 0.017417 2.158206 2.158206 2.158206 0.349654 
 0.017500 2.146274 2.146274 2.146274 0.272097 
 0.017583 2.128126 2.128126 2.128126 0.304218 
 0.017667 2.110884 2.110884 2.110884 0.275335 
 0.017750 2.079711 2.079711 2.079711 0.265565 
 0.017833 2.068377 2.068377 2.068377 0.252820 
 0.017917 2.069583 2.069583 2.069583 0.274136 
 0.018000 2.052694 2.052694 2.052694 0.247567 
 0.018083 2.035115 2.035115 2.035115 0.259594 
 0.018167 2.012941 2.012941 2.012941 0.249580 
 0.018250 2.007899 2.007899 2.007899 0.260797 
 0.018333 1.987873 1.987873 1.987873 0.226613 
 0.018417 1.973370 1.973370 1.973370 0.260535 
 0.018500 1.957260 1.957260 1.957260 0.241447 
 0.018583 1.945050 1.945050 1.945050 0.243137 
 0.018667 1.936956 1.936956 1.936956 0.234624 
 0.018750 1.916125 1.916125 1.916125 0.259603 
 0.018833 1.896963 1.896963 1.896963 0.223224 
 0.018917 1.884709 1.884709 1.884709 0.258023 
 0.019000 1.870918 1.870918 1.870918 0.236736 
 0.019083 1.863331 1.863331 1.863331 0.260132 
 0.019167 1.853985 1.853985 1.853985 0.269493 
 0.019250 1.838416 1.838416 1.838416 0.284029 
 0.019333 1.823671 1.823671 1.823671 0.237321 
 0.019417 1.815857 1.815857 1.815857 0.305380 
 0.019500 1.804503 1.804503 1.804503 0.247665 
 0.019583 1.795415 1.795415 1.795415 0.283421 
 0.019667 1.785440 1.785440 1.785440 0.267571 
 0.019750 1.774155 1.774155 1.774155 0.315450 
 0.019833 1.776205 1.776205 1.776205 0.296514 
 0.019917 1.750213 1.750213 1.750213 0.316122 
 0.020000 1.745466 1.745466 1.745466 0.279303 
 0.020083 1.738717 1.738717 1.738717 0.315573 
 0.020167 1.731233 1.731233 1.731233 0.296486 
 0.020250 1.734776 1.734776 1.734776 0.340724 
 0.020333 1.726064 1.726064 1.726064 0.335830 
 0.020417 1.711062 1.711062 1.711062 0.364689 
 0.020500 1.706959 1.706959 1.706959 0.338169 
 0.020583 1.702587 1.702587 1.702587 0.374802 
 0.020667 1.688076 1.688076 1.688076 0.346696 
 0.020750 1.675653 1.675653 1.675653 0.363998 
 0.020833 1.669387 1.669387 1.669387 0.361136 
 0.020917 1.657303 1.657303 1.657303 0.378677 
 0.021000 1.652014 1.652014 1.652014 0.385230 
 0.021083 1.671336 1.671336 1.671336 0.423308 
 0.021167 1.669966 1.669966 1.669966 0.400210 
 0.021250 1.679334 1.679334 1.679334 0.443589 
 0.021333 1.666256 1.666256 1.666256 0.410502 
 0.021417 1.665977 1.665977 1.665977 0.435096 
 0.021500 1.653292 1.653292 1.653292 0.400390 
 0.021583 1.643002 1.643002 1.643002 0.443503 
 0.021667 1.642507 1.642507 1.642507 0.438764 
 0.021750 1.632003 1.632003 1.632003 0.445215 
 0.021833 1.639708 1.639708 1.639708 0.473521 
 0.021917 1.630368 1.630368 1.630368 0.504676 
 0.022000 1.635247 1.635247 1.635247 0.459984 
 0.022083 1.637102 1.637102 1.637102 0.484509 
 0.022167 1.650202 1.650202 1.650202 0.471303 
 0.022250 1.643780 1.643780 1.643780 0.515159 
 0.022333 1.656648 1.656648 1.656648 0.506646 
 0.022417 1.646745 1.646745 1.646745 0.513987 
 0.022500 1.661950 1.661950 1.661950 0.499154 
 0.022583 1.639016 1.639016 1.639016 0.489954 
 0.022667 1.664921 1.664921 1.664921 0.482597 
 0.022750 1.622677 1.622677 1.622677 0.489470 
 0.022833 1.645217 1.645217 1.645217 0.455920 
 0.022917 1.654366 1.654366 1.654366 0.504251 
 0.023000 1.666700 1.666700 1.666700 0.482921 
 0.023083 1.671760 1.671760 1.671760 0.506991 
 0.023167 1.672862 1.672862 1.672862 0.480633 
 0.023250 1.640183 1.640183 1.640183 0.481812 
 0.023333 1.684499 1.684499 1.684499 0.483889 
 0.023417 1.666833 1.666833 1.666833 0.501085 
 0.023500 1.673673 1.673673 1.673673 0.502798 
 0.023583 1.656327 1.656327 1.656327 0.520316 
 0.023667 1.642097 1.642097 1.642097 0.482273 
 0.023750 1.676696 1.676696 1.676696 0.523337 
 0.023833 1.660847 1.660847 1.660847 0.465949 
 0.023917 1.656366 1.656366 1.656366 0.486772 
 0.024000 1.658011 1.658011 1.658011 0.494128 
 0.024083 1.662055 1.662055 1.662055 0.505742 
 0.024167 1.645485 1.645485 1.645485 0.483709 
 0.024250 1.658428 1.658428 1.658428 0.518257 
 0.024333 1.648495 1.648495 1.648495 0.493036 
 0.024417 1.662122 1.662122 1.662122 0.527320 
 0.024500 1.653433 1.653433 1.653433 0.499431 
 0.024583 1.667801 1.667801 1.667801 0.533411 
 0.024667 1.661194 1.661194 1.661194 0.486207 
 0.024750 1.656706 1.656706 1.656706 0.528570 
 0.024833 1.679038 1.679038 1.679038 0.512363 
 0.024917 1.664968 1.664968 1.664968 0.532607 
 0.025000 1.664149 1.664149 1.664149 0.511582 
 0.025083 1.632695 1.632695 1.632695 0.520521 
 0.025167 1.647076 1.647076 1.647076 0.522047 
 0.025250 1.646249 1.646249 1.646249 0.543332 
 0.025333 1.639013 1.639013 1.639013 0.517624 
 0.025417 1.644647 1.644647 1.644647 0.549657 
 0.025500 1.651035 1.651035 1.651035 0.543184 
 0.025583 1.632570 1.632570 1.632570 0.554001 
 0.025667 1.631921 1.631921 1.631921 0.541726 
 0.025750 1.620146 1.620146 1.620146 0.563386 
 0.025833 1.625425 1.625425 1.625425 0.541803 
 0.025917 1.601747 1.601747 1.601747 0.564308 
 0.026000 1.603814 1.603814 1.603814 0.548460 
 0.026083 1.646795 1.646795 1.646795 0.630730 
 0.026167 1.602696 1.602696 1.602696 0.565778 
 0.026250 1.587247 1.587247 1.587247 0.599376 
 0.026333 1.559736 1.559736 1.559736 0.578249 
 0.026417 1.562071 1.562071 1.562071 0.599421 
 0.026500 1.579371 1.579371 1.579371 0.581453 
 0.026583 1.577544 1.577544 1.577544 0.613959 
 0.026667 1.581904 1.581904 1.581904 0.601820 
 0.026750 1.580798 1.580798 1.580798 0.634360 
 0.026833 1.571919 1.571919 1.571919 0.629714 
 0.026917 1.563486 1.563486 1.563486 0.652879 
 0.027000 1.545378 1.545378 1.545378 0.646487 
 0.027083 1.545606 1.545606 1.545606 0.679044 
 0.027167 1.583687 1.583687 1.583687 0.678674 
 0.027250 1.552275 1.552275 1.552275 0.707744 
 0.027333 1.561951 1.561951 1.561951 0.690074 
 0.027417 1.555069 1.555069 1.555069 0.713747 
 0.027500 1.562077 1.562077 1.562077 0.712416 
 0.027583 1.555758 1.555758 1.555758 0.736245 
 0.027667 1.560671 1.560671 1.560671 0.742465 
 0.027750 1.534042 1.534042 1.534042 0.761443 
 0.027833 1.555526 1.555526 1.555526 0.757101 
 0.027917 1.573756 1.573756 1.573756 0.773612 
 0.028000 1.564844 1.564844 1.564844 0.758602 
 0.028083 1.557708 1.557708 1.557708 0.794886 
 0.028167 1.567028 1.567028 1.567028 0.791810 
 0.028250 1.548925 1.548925 1.548925 0.832461 
 0.028333 1.565913 1.565913 1.565913 0.817107 
 0.028417 1.552566 1.552566 1.552566 0.833835 
 0.028500 1.556597 1.556597 1.556597 0.818324 
 0.028583 1.540395 1.540395 1.540395 0.859769 
 0.028667 1.580422 1.580422 1.580422 0.837142 
 0.028750 1.555249 1.555249 1.555249 0.871756 
 0.028833 1.569573 1.569573 1.569573 0.866253 
 0.028917 1.536043 1.536043 1.536043 0.882053 
 0.029000 1.543302 1.543302 1.543302 0.887514 
 0.029083 1.543302 1.543302 1.543302 0.887514 
 0.029167 1.569633 1.569633 1.569633 0.888443 
 0.029250 1.589886 1.589886 1.589886 0.913894 
 0.029333 1.588160 1.588160 1.588160 0.902217 
 0.029417 1.587896 1.587896 1.587896 0.914540 
 0.029500 1.629483 1.629483 1.629483 0.927735 
 0.029583 1.608147 1.608147 1.608147 0.940201 
 0.029667 1.596018 1.596018 1.596018 0.925442 
 0.029750 1.607373 1.607373 1.607373 0.955956 
 0.029833 1.632646 1.632646 1.632646 0.925505 
 0.029917 1.612525 1.612525 1.612525 0.951282 
 0.030000 1.631712 1.631712 1.631712 0.945520 
 0.030083 1.633371 1.633371 1.633371 0.970117 
 0.030167 1.652594 1.652594 1.652594 0.936996 
 0.030250 1.633490 1.633490 1.633490 0.963536 
 0.030333 1.664136 1.664136 1.664136 0.949414 
 0.030417 1.644230 1.644230 1.644230 0.964056 
 0.030500 1.654937 1.654937 1.654937 0.935745 
 0.030583 1.690617 1.690617 1.690617 0.962042 
 0.030667 1.679998 1.679998 1.679998 0.936856 
 0.030750 1.693299 1.693299 1.693299 0.953493 
 0.030833 1.713524 1.713524 1.713524 0.939357 
 0.030917 1.701942 1.701942 1.701942 0.935223 
 0.031000 1.718563 1.718563 1.718563 0.920879 
 0.031083 1.690693 1.690693 1.690693 0.945315 
 0.031167 1.720389 1.720389 1.720389 0.924448 
 0.031250 1.723062 1.723062 1.723062 0.936481 
 0.031333 1.723225 1.723225 1.723225 0.919751 
 0.031417 1.726133 1.726133 1.726133 0.931729 
 0.031500 1.731921 1.731921 1.731921 0.923014 
 0.031583 1.690717 1.690717 1.690717 0.934218 
 0.031667 1.740577 1.740577 1.740577 0.909882 
 0.031750 1.735541 1.735541 1.735541 0.930682 
 0.031833 1.733637 1.733637 1.733637 0.901989 
 0.031917 1.749353 1.749353 1.749353 0.916367 
 0.032000 1.776536 1.776536 1.776536 0.901932 
 0.032083 1.748234 1.748234 1.748234 0.918201 
 0.032167 1.765562 1.765562 1.765562 0.898135 
 0.032250 1.733975 1.733975 1.733975 0.936145 
 0.032333 1.695910 1.695910 1.695910 0.918951 
 0.032417 1.688237 1.688237 1.688237 0.928636 
 0.032500 1.699899 1.699899 1.699899 0.902822 
 0.032583 1.748704 1.748704 1.748704 0.908972 
 0.032667 1.760637 1.760637 1.760637 0.881070 
 0.032750 1.738878 1.738878 1.738878 0.911077 
 0.032833 1.662345 1.662345 1.662345 0.917861 
 0.032917 1.749942 1.749942 1.749942 0.903544 
 0.033000 1.724883 1.724883 1.724883 0.914890 
 0.033083 1.716576 1.716576 1.716576 0.946517 
 0.033167 1.724306 1.724306 1.724306 0.908737 
 0.033250 1.724306 1.724306 1.724306 0.908737 
 0.033333 1.728554 1.728554 1.728554 0.894803 
 0.033417 1.697179 1.697179 1.697179 0.926371 
 0.033500 1.716551 1.716551 1.716551 0.911423 
 0.033583 1.716582 1.716582 1.716582 0.932823 
 0.033667 1.739900 1.739900 1.739900 0.911479 
 0.033750 1.727605 1.727605 1.727605 0.911758 
 0.033833 1.716511 1.716511 1.716511 0.909562 
 0.033917 1.741950 1.741950 1.741950 0.929883 
 0.034000 1.723380 1.723380 1.723380 0.921813 
 0.034083 1.712501 1.712501 1.712501 0.944000 
 0.034167 1.670710 1.670710 1.670710 0.939826 
 0.034250 1.690035 1.690035 1.690035 0.948783 
 0.034333 1.677262 1.677262 1.677262 0.957842 
 0.034417 1.655052 1.655052 1.655052 0.981768 
 0.034500 1.674256 1.674256 1.674256 0.954925 
 0.034583 1.681785 1.681785 1.681785 0.964685 
 0.034667 1.660319 1.660319 1.660319 0.978219 
 0.034750 1.663652 1.663652 1.663652 0.999357 
 0.034833 1.669640 1.669640 1.669640 0.975255 
 0.034917 1.661356 1.661356 1.661356 0.998536 
 0.035000 1.654626 1.654626 1.654626 0.979000 
 0.035083 1.667048 1.667048 1.667048 1.009213 
 0.035167 1.590423 1.590423 1.590423 1.066731 
 0.035250 1.645782 1.645782 1.645782 1.032361 
 0.035333 1.659705 1.659705 1.659705 1.028502 
 0.035417 1.652904 1.652904 1.652904 1.052258 
 0.035500 1.651731 1.651731 1.651731 1.029372 
 0.035583 1.642419 1.642419 1.642419 1.065250 
 0.035667 1.648807 1.648807 1.648807 1.055181 
 0.035750 1.631370 1.631370 1.631370 1.082779 
 0.035833 1.637099 1.637099 1.637099 1.067805 
 0.035917 1.591560 1.591560 1.591560 1.127412 
 0.036000 1.611152 1.611152 1.611152 1.116604 
 0.036083 1.620434 1.620434 1.620434 1.124715 
 0.036167 1.634422 1.634422 1.634422 1.100452 
 0.036250 1.653385 1.653385 1.653385 1.116207 
 0.036333 1.673912 1.673912 1.673912 1.104159 
 0.036417 1.571933 1.571933 1.571933 1.214012 
 0.036500 1.639580 1.639580 1.639580 1.144077 
 0.036583 1.662166 1.662166 1.662166 1.134340 
 0.036667 1.666321 1.666321 1.666321 1.137362 
 0.036750 1.662597 1.662597 1.662597 1.174240 
 0.036833 1.667356 1.667356 1.667356 1.156687 
 0.036917 1.632202 1.632202 1.632202 1.197277 
 0.037000 1.653964 1.653964 1.653964 1.178359 
 0.037083 1.653254 1.653254 1.653254 1.190694 
 0.037167 1.703715 1.703715 1.703715 1.126372 
 0.037250 1.692456 1.692456 1.692456 1.144512 
 0.037333 1.683644 1.683644 1.683644 1.175753 
 0.037417 1.683348 1.683348 1.683348 1.200462 
 0.037500 1.700648 1.700648 1.700648 1.179211 
 0.037583 1.690354 1.690354 1.690354 1.210192 
 0.037667 1.721547 1.721547 1.721547 1.178420 
 0.037750 1.722470 1.722470 1.722470 1.203113 
 0.037833 1.725431 1.725431 1.725431 1.182210 
 0.037917 1.725431 1.725431 1.725431 1.182210 
 0.038000 1.721784 1.721784 1.721784 1.176942 
 0.038083 1.722763 1.722763 1.722763 1.189259 
 0.038167 1.736136 1.736136 1.736136 1.161861 
 0.038250 1.727373 1.727373 1.727373 1.181329 
 0.038333 1.750657 1.750657 1.750657 1.168170 
 0.038417 1.732602 1.732602 1.732602 1.195290 
 0.038500 1.755279 1.755279 1.755279 1.161733 
 0.038583 1.737749 1.737749 1.737749 1.189194 
 0.038667 1.757288 1.757288 1.757288 1.168834 
 0.038750 1.747812 1.747812 1.747812 1.176672 
 0.038833 1.775304 1.775304 1.775304 1.134769 
 0.038917 1.770714 1.770714 1.770714 1.167090 
 0.039000 1.795469 1.795469 1.795469 1.128636 
 0.039083 1.779857 1.779857 1.779857 1.157232 
 0.039167 1.798357 1.798357 1.798357 1.139022 
 0.039250 1.783365 1.783365 1.783365 1.167948 
 0.039333 1.789429 1.789429 1.789429 1.131537 
 0.039417 1.760086 1.760086 1.760086 1.145569 
 0.039500 1.793836 1.793836 1.793836 1.126901 
 0.039583 1.793836 1.793836 1.793836 1.126901 
 0.039667 1.792828 1.792828 1.792828 1.114946 
 0.039750 1.788189 1.788189 1.788189 1.135786 
 0.039833 1.803248 1.803248 1.803248 1.121832 
 0.039917 1.791167 1.791167 1.791167 1.119384 
 0.040000 1.790078 1.790078 1.790078 1.110547 
 0.040083 1.790078 1.790078 1.790078 1.110547 
 0.040167 1.799686 1.799686 1.799686 1.088391 
 0.040250 1.781087 1.781087 1.781087 1.128685 
 0.040333 1.799880 1.799880 1.799880 1.115030 
 0.040417 1.797079 1.797079 1.797079 1.136196 
 0.040500 1.794629 1.794629 1.794629 1.095688 
 0.040583 1.789624 1.789624 1.789624 1.084391 
 0.040667 1.796410 1.796410 1.796410 1.087556 
 0.040750 1.787585 1.787585 1.787585 1.118918 
 0.040833 1.794895 1.794895 1.794895 1.085041 
 0.040917 1.773248 1.773248 1.773248 1.137113 
 0.041000 1.790303 1.790303 1.790303 1.089471 
 0.041083 1.777986 1.777986 1.777986 1.088991 
 0.041167 1.775940 1.775940 1.775940 1.092317 
 0.041250 1.757266 1.757266 1.757266 1.102563 
 0.041333 1.774016 1.774016 1.774016 1.119834 
 0.041417 1.767759 1.767759 1.767759 1.109180 
 0.041500 1.772473 1.772473 1.772473 1.082968 
 0.041583 1.741983 1.741983 1.741983 1.094386 
 0.041667 1.765695 1.765695 1.765695 1.078831 
 0.041750 1.742150 1.742150 1.742150 1.101270 
 0.041833 1.763245 1.763245 1.763245 1.069359 
 0.041917 1.743998 1.743998 1.743998 1.060003 
 0.042000 1.737174 1.737174 1.737174 0.958003 
 0.042083 1.721610 1.721610 1.721610 0.862963 
 0.042167 1.701360 1.701360 1.701360 0.697989 
 0.042250 1.680974 1.680974 1.680974 0.582149 
 0.042333 1.672806 1.672806 1.672806 0.393536 
 0.042417 1.651075 1.651075 1.651075 0.245674 
 0.042500 1.610246 1.610246 1.610246 0.088731 
 0.042583 1.593282 1.593282 1.593282 -0.049108 
 0.042667 1.564776 1.564776 1.564776 -0.189795 
 0.042750 1.529286 1.529286 1.529286 -0.313565 
 0.042833 1.491898 1.491898 1.491898 -0.515380 
 0.042917 1.470125 1.470125 1.470125 -0.587163 
 0.043000 1.436881 1.436881 1.436881 -0.762438 
 0.043083 1.417354 1.417354 1.417354 -0.845575 
 0.043167 1.384102 1.384102 1.384102 -0.982322 
 0.043250 1.380069 1.380069 1.380069 -1.047357 
 0.043333 1.325978 1.325978 1.325978 -1.226901 
 0.043417 1.314584 1.314584 1.314584 -1.312364 
 0.043500 1.273259 1.273259 1.273259 -1.425144 
 0.043583 1.260056 1.260056 1.260056 -1.510346 
 0.043667 1.212117 1.212117 1.212117 -1.622095 
 0.043750 1.197077 1.197077 1.197077 -1.706992 
 0.043833 1.141375 1.141375 1.141375 -1.804551 
 0.043917 1.133914 1.133914 1.133914 -1.881070 
 0.044000 1.079627 1.079627 1.079627 -1.986440 
 0.044083 1.091815 1.091815 1.091815 -2.059212 
 0.044167 1.032963 1.032963 1.032963 -2.134140 
 0.044250 1.045343 1.045343 1.045343 -2.219328 
 0.044333 0.983800 0.983800 0.983800 -2.314574 
 0.044417 0.976796 0.976796 0.976796 -2.346391 
 0.044500 0.944136 0.944136 0.944136 -2.413996 
 0.044583 0.939359 0.939359 0.939359 -2.470185 
 0.044667 0.882225 0.882225 0.882225 -2.516389 
 0.044750 0.857818 0.857818 0.857818 -2.611033 
 0.044833 0.810764 0.810764 0.810764 -2.676072 
 0.044917 0.833669 0.833669 0.833669 -2.699211 
 0.045000 0.769892 0.769892 0.769892 -2.775246 
 0.045083 0.771032 0.771032 0.771032 -2.799815 
 0.045167 0.729413 0.729413 0.729413 -2.869081 
 0.045250 0.740610 0.740610 0.740610 -2.887201 
 0.045333 0.692343 0.692343 0.692343 -2.923809 
 0.045417 0.703619 0.703619 0.703619 -2.979004 
 0.045500 0.642603 0.642603 0.642603 -3.021103 
 0.045583 0.664003 0.664003 0.664003 -3.021182 
 0.045667 0.604650 0.604650 0.604650 -3.082541 
 0.045750 0.604336 0.604336 0.604336 -3.094835 
 0.045833 0.539255 0.539255 0.539255 -3.159410 
 0.045917 0.548645 0.548645 0.548645 -3.190551 
 0.046000 0.494130 0.494130 0.494130 -3.211611 
 0.046083 0.514042 0.514042 0.514042 -3.237371 
 0.046167 0.455158 0.455158 0.455158 -3.262102 
 0.046250 0.475599 0.475599 0.475599 -3.275882 
 0.046333 0.410065 0.410065 0.410065 -3.308933 
 0.046417 0.444887 0.444887 0.444887 -3.281214 
 0.046500 0.431888 0.431888 0.431888 -3.239584 
 0.046583 0.400296 0.400296 0.400296 -3.335240 
 0.046667 0.353733 0.353733 0.353733 -3.348905 
 0.046750 0.355227 0.355227 0.355227 -3.336699 
 0.046833 0.326638 0.326638 0.326638 -3.356505 
 0.046917 0.324968 0.324968 0.324968 -3.368689 
 0.047000 0.295595 0.295595 0.295595 -3.367853 
 0.047083 0.293777 0.293777 0.293777 -3.380015 
 0.047167 0.255708 0.255708 0.255708 -3.379604 
 0.047250 0.267269 0.267269 0.267269 -3.375244 
 0.047333 0.246131 0.246131 0.246131 -3.346157 
 0.047417 0.257753 0.257753 0.257753 -3.341966 
 0.047500 0.200718 0.200718 0.200718 -3.337255 
 0.047583 0.210056 0.210056 0.210056 -3.345302 
 0.047667 0.149571 0.149571 0.149571 -3.351862 
 0.047750 0.175567 0.175567 0.175567 -3.332115 
 0.047833 0.150422 0.150422 0.150422 -3.333345 
 0.047917 0.164799 0.164799 0.164799 -3.317561 
 0.048000 0.157400 0.157400 0.157400 -3.276069 
 0.048083 0.154648 0.154648 0.154648 -3.288055 
 0.048167 0.113927 0.113927 0.113927 -3.289717 
 0.048250 0.146337 0.146337 0.146337 -3.246905 
 0.048333 0.106258 0.106258 0.106258 -3.239605 
 0.048417 0.109273 0.109273 0.109273 -3.227683 
 0.048500 0.087421 0.087421 0.087421 -3.201805 
 0.048583 0.108838 0.108838 0.108838 -3.162935 
 0.048667 0.097618 0.097618 0.097618 -3.137005 
 0.048750 0.085659 0.085659 0.085659 -3.140111 
 0.048833 0.081054 0.081054 0.081054 -3.113985 
 0.048917 0.060454 0.060454 0.060454 -3.108190 
 0.049000 0.037156 0.037156 0.037156 -3.061541 
 0.049083 0.056180 0.056180 0.056180 -3.035092 
 0.049167 0.044385 0.044385 0.044385 -3.000141 
 0.049250 0.039530 0.039530 0.039530 -2.979402 
 0.049333 0.041739 0.041739 0.041739 -2.950866 
 0.049417 0.064924 0.064924 0.064924 -2.913024 
 0.049500 0.016599 0.016599 0.016599 -2.906922 
 0.049583 0.040146 0.040146 0.040146 -2.869304 
 0.049667 0.023669 0.023669 0.023669 -2.834607 
 0.049750 0.047586 0.047586 0.047586 -2.797223 
 0.049833 0.029281 0.029281 0.029281 -2.776535 
 0.049917 0.000889 0.000889 0.000889 -2.760377 
 0.050000 0.024893 0.024893 0.024893 -2.695609 
 0.050083 0.033158 0.033158 0.033158 -2.672445 
 0.050167 0.022910 0.022910 0.022910 -2.651565 
 0.050250 0.027392 0.027392 0.027392 -2.607469 
 0.050333 0.004221 0.004221 0.004221 -2.586621 
 0.050417 0.021208 0.021208 0.021208 -2.540457 
 0.050500 0.005557 0.005557 0.005557 -2.517544 
 0.050583 0.010791 0.010791 0.010791 -2.473531 
 0.050667 0.023658 0.023658 0.023658 -2.437197 
 0.050750 0.041320 0.041320 0.041320 -2.391287 
 0.050833 0.013660 0.013660 0.013660 -2.372280 
 0.050917 0.048244 0.048244 0.048244 -2.313145 
 0.051000 0.019118 0.019118 0.019118 -2.303828 
 0.051083 0.046599 0.046599 0.046599 -2.235351 
 0.051167 0.063575 0.063575 0.063575 -2.189740 
 0.051250 0.048285 0.048285 0.048285 -2.170401 
 0.051333 0.054479 0.054479 0.054479 -2.135028 
 0.051417 0.044062 0.044062 0.044062 -2.104181 
 0.051500 0.027639 0.027639 0.027639 -2.084718 
 0.051583 0.051139 0.051139 0.051139 -2.027899 
 0.051667 0.048805 0.048805 0.048805 -1.984300 
 0.051750 0.055553 0.055553 0.055553 -1.940493 
 0.051833 0.060673 0.060673 0.060673 -1.906778 
 0.051917 0.060172 0.060172 0.060172 -1.853189 
 0.052000 0.058400 0.058400 0.058400 -1.841058 
 0.052083 0.075646 0.075646 0.075646 -1.774817 
 0.052167 0.078130 0.078130 0.078130 -1.742386 
 0.052250 0.080614 0.080614 0.080614 -1.709956 
 0.052333 0.105218 0.105218 0.105218 -1.653605 
 0.052417 0.090503 0.090503 0.090503 -1.633825 
 0.052500 0.115525 0.115525 0.115525 -1.577008 
 0.052583 0.135547 0.135547 0.135547 -1.532076 
 0.052667 0.133970 0.133970 0.133970 -1.467914 
 0.052750 0.139029 0.139029 0.139029 -1.456705 
 0.052833 0.131290 0.131290 0.131290 -1.414646 
 0.052917 0.124079 0.124079 0.124079 -1.404649 
 0.053000 0.112832 0.112832 0.112832 -1.362859 
 0.053083 0.133405 0.133405 0.133405 -1.318177 
 0.053167 0.137108 0.137108 0.137108 -1.264320 
 0.053250 0.140169 0.140169 0.140169 -1.231939 
 0.053333 0.135021 0.135021 0.135021 -1.200509 
 0.053417 0.143500 0.143500 0.143500 -1.157004 
 0.053500 0.145953 0.145953 0.145953 -1.146212 
 0.053583 0.149313 0.149313 0.149313 -1.113860 
 0.053667 0.155333 0.155333 0.155333 -1.070751 
 0.053750 0.211460 0.211460 0.211460 -1.001991 
 0.053833 0.169488 0.169488 0.169488 -0.994600 
 0.053917 0.150093 0.150093 0.150093 -0.985555 
 0.054000 0.174332 0.174332 0.174332 -0.930257 
 0.054083 0.190082 0.190082 0.190082 -0.896895 
 0.054167 0.217310 0.217310 0.217310 -0.831301 
 0.054250 0.192673 0.192673 0.192673 -0.833211 
 0.054333 0.194647 0.194647 0.194647 -0.801283 
 0.054417 0.198317 0.198317 0.198317 -0.768965 
 0.054500 0.189513 0.189513 0.189513 -0.727944 
 0.054583 0.177186 0.177186 0.177186 -0.728781 
 0.054667 0.225125 0.225125 0.225125 -0.682402 
 0.054750 0.204311 0.204311 0.204311 -0.651837 
 0.054833 0.213346 0.213346 0.213346 -0.630318 
 0.054917 0.204944 0.204944 0.204944 -0.598863 
 0.055000 0.226613 0.226613 0.226613 -0.554702 
 0.055083 0.237447 0.237447 0.237447 -0.532622 
 0.055167 0.204628 0.204628 0.204628 -0.524571 
 0.055250 0.226403 0.226403 0.226403 -0.480462 
 0.055333 0.230239 0.230239 0.230239 -0.448269 
 0.055417 0.211028 0.211028 0.211028 -0.438841 
 0.055500 0.203988 0.203988 0.203988 -0.428689 
 0.055583 0.220343 0.220343 0.220343 -0.395620 
 0.055667 0.211904 0.211904 0.211904 -0.386252 
 0.055750 0.222897 0.222897 0.222897 -0.364250 
 0.055833 0.228262 0.228262 0.228262 -0.353334 
 0.055917 0.232430 0.232430 0.232430 -0.321077 
 0.056000 0.214124 0.214124 0.214124 -0.310966 
 0.056083 0.260667 0.260667 0.260667 -0.265363 
 0.056167 0.234725 0.234725 0.234725 -0.268036 
 0.056250 0.233435 0.233435 0.233435 -0.246775 
 0.056333 0.231606 0.231606 0.231606 -0.226068 
 0.056417 0.237155 0.237155 0.237155 -0.215094 
 0.056500 0.236307 0.236307 0.236307 -0.193353 
 0.056583 0.235026 0.235026 0.235026 -0.172092 
 0.056667 0.244996 0.244996 0.244996 -0.151883 
 0.056750 0.220316 0.220316 0.220316 -0.153125 
 0.056833 0.238936 0.238936 0.238936 -0.140417 
 0.056917 0.232152 0.232152 0.232152 -0.130125 
 0.057000 0.219502 0.219502 0.219502 -0.131331 
 0.057083 0.225081 0.225081 0.225081 -0.120371 
 0.057167 0.218281 0.218281 0.218281 -0.110146 
 0.057250 0.217109 0.217109 0.217109 -0.088878 
 0.057333 0.240614 0.240614 0.240614 -0.066318 
 0.057417 0.228276 0.228276 0.228276 -0.066964 
 0.057500 0.238280 0.238280 0.238280 -0.023692 
 0.057583 0.238280 0.238280 0.238280 -0.023692 
 0.057667 0.220205 0.220205 0.220205 -0.036271 
 0.057750 0.224747 0.224747 0.224747 -0.004065 
 0.057833 0.212415 0.212415 0.212415 -0.004234 
 0.057917 0.237094 0.237094 0.237094 -0.002992 
 0.058000 0.248350 0.248350 0.248350 0.018306 
 0.058083 0.223667 0.223667 0.223667 0.017122 
 0.058167 0.229242 0.229242 0.229242 0.028515 
 0.058250 0.234852 0.234852 0.234852 0.039459 
 0.058333 0.222512 0.222512 0.222512 0.038842 
 0.058417 0.228122 0.228122 0.228122 0.049786 
 0.058500 0.203539 0.203539 0.203539 0.048144 
 0.058583 0.250748 0.250748 0.250748 0.093056 
 0.058667 0.231529 0.231529 0.231529 0.103182 
 0.058750 0.231529 0.231529 0.231529 0.103182 
 0.058833 0.237372 0.237372 0.237372 0.113647 
 0.058917 0.230667 0.230667 0.230667 0.123990 
 0.059000 0.219356 0.219356 0.219356 0.102213 
 0.059083 0.230619 0.230619 0.230619 0.124078 
 0.059167 0.230963 0.230963 0.230963 0.123437 
 0.059250 0.230963 0.230963 0.230963 0.123437 
 0.059333 0.224282 0.224282 0.224282 0.133797 
 0.059417 0.229944 0.229944 0.229944 0.144713 
 0.059500 0.235546 0.235546 0.235546 0.155721 
 0.059583 0.217545 0.217545 0.217545 0.144240 
 0.059667 0.228861 0.228861 0.228861 0.166077 
 0.059750 0.216518 0.216518 0.216518 0.165515 
 0.059833 0.222244 0.222244 0.222244 0.176348 
 0.059917 0.227906 0.227906 0.227906 0.187265 
 0.060000 0.240249 0.240249 0.240249 0.187822 
 0.060083 0.227906 0.227906 0.227906 0.187265 
 0.060167 0.221465 0.221465 0.221465 0.177325 
 0.060250 0.221465 0.221465 0.221465 0.177325 
 0.060333 0.215563 0.215563 0.215563 0.186707 
 0.060417 0.215563 0.215563 0.215563 0.186707 
 0.060500 0.226388 0.226388 0.226388 0.209083 
 0.060583 0.208410 0.208410 0.208410 0.197565 
 0.060667 0.228353 0.228353 0.228353 0.186719 
 0.060750 0.210321 0.210321 0.210321 0.175288 
 0.060833 0.203665 0.203665 0.203665 0.185663 
 0.060917 0.209353 0.209353 0.209353 0.196566 
 0.061000 0.215041 0.215041 0.215041 0.207469 
 0.061083 0.215041 0.215041 0.215041 0.207469 
 0.061167 0.239230 0.239230 0.239230 0.209098 
 0.061250 0.214545 0.214545 0.214545 0.207983 
 0.061333 0.244892 0.244892 0.244892 0.220014 
 0.061417 0.233568 0.233568 0.233568 0.198181 
 0.061500 0.204109 0.204109 0.204109 0.185175 
 0.061583 0.222168 0.222168 0.222168 0.196563 
 0.061667 0.234437 0.234437 0.234437 0.197153 
 0.061750 0.222092 0.222092 0.222092 0.196650 
 0.061833 0.227466 0.227466 0.227466 0.207909 
 0.061917 0.227466 0.227466 0.227466 0.207909 
 0.062000 0.197009 0.197009 0.197009 0.196038 
 0.062083 0.239729 0.239729 0.239729 0.208525 
 0.062167 0.245856 0.245856 0.245856 0.218936 
 0.062250 0.233511 0.233511 0.233511 0.218433 
 0.062333 0.222168 0.222168 0.222168 0.196563 
 0.062417 0.222168 0.222168 0.222168 0.196563 
 0.062500 0.221774 0.221774 0.221774 0.197008 
 0.062583 0.228426 0.228426 0.228426 0.186631 
 0.062667 0.209969 0.209969 0.209969 0.175710 
 0.062750 0.227978 0.227978 0.227978 0.187177 
 0.062833 0.234513 0.234513 0.234513 0.197062 
 0.062917 0.222168 0.222168 0.222168 0.196563 
 0.063000 0.220729 0.220729 0.220729 0.218372 
 0.063083 0.209353 0.209353 0.209353 0.196566 
 0.063167 0.196615 0.196615 0.196615 0.196433 
 0.063250 0.221301 0.221301 0.221301 0.197539 
 0.063333 0.209353 0.209353 0.209353 0.196566 
 0.063417 0.233073 0.233073 0.233073 0.218900 
 0.063500 0.233073 0.233073 0.233073 0.218900 
 0.063583 0.233073 0.233073 0.233073 0.218900 
 0.063667 0.239729 0.239729 0.239729 0.208525 
 0.063750 0.209353 0.209353 0.209353 0.196566 
 0.063833 0.209429 0.209429 0.209429 0.196485 
 0.063917 0.227466 0.227466 0.227466 0.207909 
 0.064000 0.202777 0.202777 0.202777 0.206863 
 0.064083 0.209429 0.209429 0.209429 0.196485 
 0.064167 0.198327 0.198327 0.198327 0.174363 
 0.064250 0.204037 0.204037 0.204037 0.185255 
 0.064333 0.203665 0.203665 0.203665 0.185663 
 0.064417 0.227385 0.227385 0.227385 0.207997 
 0.064500 0.209277 0.209277 0.209277 0.196647 
 0.064583 0.161854 0.161854 0.161854 0.151961 
 0.064667 0.227963 0.227963 0.227963 0.207364 
 0.064750 0.209899 0.209899 0.209899 0.195983 
 0.064833 0.221774 0.221774 0.221774 0.197008 
 0.064917 0.227466 0.227466 0.227466 0.207909 
 0.065000 0.233073 0.233073 0.233073 0.218900 
 0.065083 0.215041 0.215041 0.215041 0.207469 
 0.065167 0.215041 0.215041 0.215041 0.207469 
 0.065250 0.203665 0.203665 0.203665 0.185663 
 0.065333 0.186601 0.186601 0.186601 0.152954 
 0.065417 0.191321 0.191321 0.191321 0.185135 
 0.065500 0.197626 0.197626 0.197626 0.175157 
 0.065583 0.221301 0.221301 0.221301 0.197539 
 0.065667 0.209277 0.209277 0.209277 0.196647 
 0.065750 0.209277 0.209277 0.209277 0.196647 
 0.065833 0.208883 0.208883 0.208883 0.197066 
 0.065917 0.208883 0.208883 0.208883 0.197066 
 0.066000 0.208883 0.208883 0.208883 0.197066 
 0.066083 0.232549 0.232549 0.232549 0.219457 
 0.066167 0.232989 0.232989 0.232989 0.218990 
 0.066250 0.203593 0.203593 0.203593 0.185742 
 0.066333 0.214961 0.214961 0.214961 0.207552 
 0.066417 0.203593 0.203593 0.203593 0.185742 
 0.066500 0.202846 0.202846 0.202846 0.186558 
 0.066583 0.197206 0.197206 0.197206 0.175630 
 0.066667 0.203221 0.203221 0.203221 0.186149 
 0.066750 0.191897 0.191897 0.191897 0.164316 
 0.066833 0.209353 0.209353 0.209353 0.196566 
 0.066917 0.209353 0.209353 0.209353 0.196566 
 0.067000 0.208883 0.208883 0.208883 0.197066 
 0.067083 0.208883 0.208883 0.208883 0.197066 
 0.067167 0.208410 0.208410 0.208410 0.197565 
 0.067250 0.190433 0.190433 0.190433 0.186048 
 0.067333 0.203149 0.203149 0.203149 0.186228 
 0.067417 0.215491 0.215491 0.215491 0.186790 
 0.067500 0.221225 0.221225 0.221225 0.197624 
 0.067583 0.203221 0.203221 0.203221 0.186149 
 0.067667 0.215491 0.215491 0.215491 0.186790 
 0.067750 0.226807 0.226807 0.226807 0.208628 
 0.067833 0.208883 0.208883 0.208883 0.197066 
 0.067917 0.190878 0.190878 0.190878 0.185592 
 0.068000 0.208410 0.208410 0.208410 0.197565 
 0.068083 0.202775 0.202775 0.202775 0.186635 
 0.068167 0.192226 0.192226 0.192226 0.163931 
 0.068250 0.210253 0.210253 0.210253 0.175369 
 0.068333 0.197491 0.197491 0.197491 0.175309 
 0.068417 0.197491 0.197491 0.197491 0.175309 
 0.068500 0.202328 0.202328 0.202328 0.187120 
 0.068583 0.189988 0.189988 0.189988 0.186503 
 0.068667 0.172390 0.172390 0.172390 0.174597 
 0.068750 0.208335 0.208335 0.208335 0.197645 
 0.068833 0.215116 0.215116 0.215116 0.187222 
 0.068917 0.215116 0.215116 0.215116 0.187222 
 0.069000 0.202328 0.202328 0.202328 0.187120 
 0.069083 0.202328 0.202328 0.202328 0.187120 
 0.069167 0.190362 0.190362 0.190362 0.186121 
 0.069250 0.190362 0.190362 0.190362 0.186121 
 0.069333 0.202775 0.202775 0.202775 0.186635 
 0.069417 0.202775 0.202775 0.202775 0.186635 
 0.069500 0.197139 0.197139 0.197139 0.175705 
 0.069583 0.197139 0.197139 0.197139 0.175705 
 0.069667 0.189916 0.189916 0.189916 0.186576 
 0.069750 0.214596 0.214596 0.214596 0.187818 
 0.069833 0.195199 0.195199 0.195199 0.197840 
 0.069917 0.189612 0.189612 0.189612 0.186886 
 0.070000 0.208335 0.208335 0.208335 0.197645 
 0.070083 0.231939 0.231939 0.231939 0.220101 
 0.070167 0.184311 0.184311 0.184311 0.175630 
 0.070250 0.196651 0.196651 0.196651 0.176251 
 0.070333 0.196651 0.196651 0.196651 0.176251 
 0.070417 0.184311 0.184311 0.184311 0.175630 
 0.070500 0.196651 0.196651 0.196651 0.176251 
 0.070583 0.225807 0.225807 0.225807 0.209710 
 0.070667 0.189916 0.189916 0.189916 0.186576 
 0.070750 0.231412 0.231412 0.231412 0.220656 
 0.070833 0.219248 0.219248 0.219248 0.199815 
 0.070917 0.189022 0.189022 0.189022 0.187482 
 0.071000 0.183112 0.183112 0.183112 0.176880 
 0.071083 0.200978 0.200978 0.200978 0.188568 
 0.071167 0.189022 0.189022 0.189022 0.187482 
 0.071250 0.183469 0.183469 0.183469 0.176510 
 0.071333 0.183891 0.183891 0.183891 0.176070 
 0.071417 0.190649 0.190649 0.190649 0.165762 
 0.071500 0.195805 0.195805 0.195805 0.177190 
 0.071583 0.190252 0.190252 0.190252 0.166218 
 0.071667 0.214146 0.214146 0.214146 0.188331 
 0.071750 0.207387 0.207387 0.207387 0.198639 
 0.071833 0.201808 0.201808 0.201808 0.187680 
 0.071917 0.214146 0.214146 0.214146 0.188331 
 0.072000 0.171132 0.171132 0.171132 0.175829 
 0.072083 0.177916 0.177916 0.177916 0.165537 
 0.072167 0.195447 0.195447 0.195447 0.177585 
 0.072250 0.223102 0.223102 0.223102 0.232503 
 0.072333 0.265546 0.265546 0.265546 0.245702 
 0.072417 0.188573 0.188573 0.188573 0.187934 
 0.072500 0.206911 0.206911 0.206911 0.199135 
 0.072583 0.195805 0.195805 0.195805 0.177190 
 0.072667 0.178374 0.178374 0.178374 0.165044 
 0.072750 0.190712 0.190712 0.190712 0.165690 
 0.072833 0.177916 0.177916 0.177916 0.165537 
 0.072917 0.177916 0.177916 0.177916 0.165537 
 0.073000 0.188573 0.188573 0.188573 0.187934 
 0.073083 0.200907 0.200907 0.200907 0.188644 
 0.073167 0.205956 0.205956 0.205956 0.200123 
 0.073250 0.200455 0.200455 0.200455 0.189124 
 0.073333 0.195381 0.195381 0.195381 0.177658 
 0.073417 0.188573 0.188573 0.188573 0.187934 
 0.073500 0.195381 0.195381 0.195381 0.177658 
 0.073583 0.207716 0.207716 0.207716 0.178368 
 0.073667 0.183469 0.183469 0.183469 0.176510 
 0.073750 0.195805 0.195805 0.195805 0.177190 
 0.073833 0.225577 0.225577 0.225577 0.190063 
 0.073917 0.195381 0.195381 0.195381 0.177658 
 0.074000 0.207288 0.207288 0.207288 0.178865 
 0.074083 0.212789 0.212789 0.212789 0.189864 
 0.074167 0.205881 0.205881 0.205881 0.200200 
 0.074250 0.230547 0.230547 0.230547 0.201688 
 0.074333 0.218214 0.218214 0.218214 0.200944 
 0.074417 0.205881 0.205881 0.205881 0.200200 
 0.074500 0.200907 0.200907 0.200907 0.188644 
 0.074583 0.183046 0.183046 0.183046 0.176948 
 0.074667 0.193623 0.193623 0.193623 0.199384 
 0.074750 0.218289 0.218289 0.218289 0.200862 
 0.074833 0.200455 0.200455 0.200455 0.189124 
 0.074917 0.188122 0.188122 0.188122 0.188385 
 0.075000 0.177059 0.177059 0.177059 0.166453 
 0.075083 0.189392 0.189392 0.189392 0.167197 
 0.075167 0.200837 0.200837 0.200837 0.188719 
 0.075250 0.188502 0.188502 0.188502 0.188005 
 0.075333 0.188052 0.188052 0.188052 0.188455 
 0.075417 0.205881 0.205881 0.205881 0.200200 
 0.075500 0.188122 0.188122 0.188122 0.188385 
 0.075583 0.242955 0.242955 0.242955 0.202341 
 0.075667 0.205402 0.205402 0.205402 0.200692 
 0.075750 0.205402 0.205402 0.205402 0.200692 
 0.075833 0.211378 0.211378 0.211378 0.211201 
 0.075917 0.205881 0.205881 0.205881 0.200200 
 0.076000 0.212789 0.212789 0.212789 0.189864 
 0.076083 0.212789 0.212789 0.212789 0.189864 
 0.076167 0.200837 0.200837 0.200837 0.188719 
 0.076250 0.170645 0.170645 0.170645 0.176302 
 0.076333 0.227392 0.227392 0.227392 0.224797 
 0.076417 0.204251 0.204251 0.204251 0.201863 
 0.076500 0.158975 0.158975 0.158975 0.154971 
 0.076583 0.194594 0.194594 0.194594 0.178519 
 0.076667 0.206793 0.206793 0.206793 0.179437 
 0.076750 0.210872 0.210872 0.210872 0.211706 
 0.076833 0.200837 0.200837 0.200837 0.188719 
 0.076917 0.218694 0.218694 0.218694 0.200421 
 0.077000 0.211299 0.211299 0.211299 0.211279 
 0.077083 0.205807 0.205807 0.205807 0.200276 
 0.077167 0.188122 0.188122 0.188122 0.188385 
 0.077250 0.188122 0.188122 0.188122 0.188385 
 0.077333 0.218214 0.218214 0.218214 0.200944 
 0.077417 0.207221 0.207221 0.207221 0.178942 
 0.077500 0.223203 0.223203 0.223203 0.212479 
 0.077583 0.194462 0.194462 0.194462 0.178664 
 0.077667 0.182131 0.182131 0.182131 0.177890 
 0.077750 0.199932 0.199932 0.199932 0.189678 
 0.077833 0.194955 0.194955 0.194955 0.178125 
 0.077917 0.212789 0.212789 0.212789 0.189864 
 0.078000 0.212334 0.212334 0.212334 0.190372 
 0.078083 0.193145 0.193145 0.193145 0.199846 
 0.078167 0.205402 0.205402 0.205402 0.200692 
 0.078250 0.210872 0.210872 0.210872 0.211706 
 0.078333 0.193071 0.193071 0.193071 0.199918 
 0.078417 0.187601 0.187601 0.187601 0.188904 
 0.078500 0.194462 0.194462 0.194462 0.178664 
 0.078583 0.206793 0.206793 0.206793 0.179437 
 0.078667 0.182556 0.182556 0.182556 0.177454 
 0.078750 0.182556 0.182556 0.182556 0.177454 
 0.078833 0.199932 0.199932 0.199932 0.189678 
 0.078917 0.134197 0.134197 0.134197 0.153542 
 0.079000 0.192518 0.192518 0.192518 0.200450 
 0.079083 0.217176 0.217176 0.217176 0.202065 
 0.079167 0.212263 0.212263 0.212263 0.190451 
 0.079250 0.217733 0.217733 0.217733 0.201465 
 0.079333 0.206360 0.206360 0.206360 0.199707 
 0.079417 0.224217 0.224217 0.224217 0.211409 
 0.079500 0.188052 0.188052 0.188052 0.188455 
 0.079583 0.211378 0.211378 0.211378 0.211201 
 0.079667 0.217733 0.217733 0.217733 0.201465 
 0.079750 0.187601 0.187601 0.187601 0.188904 
 0.079833 0.211807 0.211807 0.211807 0.190958 
 0.079917 0.211807 0.211807 0.211807 0.190958 
 0.080000 0.187601 0.187601 0.187601 0.188904 
 0.080083 0.199932 0.199932 0.199932 0.189678 
 0.080167 0.204921 0.204921 0.204921 0.201182 
 0.080250 0.210365 0.210365 0.210365 0.212210 
 0.080333 0.199407 0.199407 0.199407 0.190229 
 0.080417 0.217176 0.217176 0.217176 0.202065 
 0.080500 0.223711 0.223711 0.223711 0.211945 
 0.080583 0.193548 0.193548 0.193548 0.199456 
 0.080667 0.210793 0.210793 0.210793 0.211784 
 0.080750 0.205327 0.205327 0.205327 0.200768 
 0.080833 0.224594 0.224594 0.224594 0.191225 
 0.080917 0.212263 0.212263 0.212263 0.190451 
 0.081000 0.212192 0.212192 0.212192 0.190530 
 0.081083 0.205327 0.205327 0.205327 0.200768 
 0.081167 0.222694 0.222694 0.222694 0.213013 
 0.081250 0.194034 0.194034 0.194034 0.179128 
 0.081333 0.193174 0.193174 0.193174 0.180055 
 0.081417 0.198565 0.198565 0.198565 0.191108 
 0.081500 0.206793 0.206793 0.206793 0.179437 
 0.081583 0.199932 0.199932 0.199932 0.189678 
 0.081667 0.241834 0.241834 0.241834 0.203680 
 0.081750 0.210286 0.210286 0.210286 0.212287 
 0.081833 0.209934 0.209934 0.209934 0.212635 
 0.081917 0.216840 0.216840 0.216840 0.202425 
 0.082000 0.222262 0.222262 0.222262 0.213463 
 0.082083 0.204513 0.204513 0.204513 0.201597 
 0.082167 0.222615 0.222615 0.222615 0.213095 
 0.082250 0.192518 0.192518 0.192518 0.200450 
 0.082333 0.217733 0.217733 0.217733 0.201465 
 0.082417 0.205402 0.205402 0.205402 0.200692 
 0.082500 0.222183 0.222183 0.222183 0.213545 
 0.082583 0.216766 0.216766 0.216766 0.202505 
 0.082667 0.208400 0.208400 0.208400 0.214139 
 0.082750 0.220721 0.220721 0.220721 0.215056 
 0.082833 0.204847 0.204847 0.204847 0.201258 
 0.082917 0.204847 0.204847 0.204847 0.201258 
 0.083000 0.210365 0.210365 0.210365 0.212210 
 0.083083 0.217250 0.217250 0.217250 0.201985 
 0.083167 0.204847 0.204847 0.204847 0.201258 
 0.083250 0.222615 0.222615 0.222615 0.213095 