0.000000 0.000000 0.000000 0.000000 0.046379 
 0.000083 2.000000 2.000000 2.000000 0.047289 
 0.000167 2.000000 2.000000 2.000000 0.038005 
 0.000250 2.000000 2.000000 2.000000 0.089030 
 0.000333 2.000000 2.000000 2.000000 0.238522 
 0.000417 2.000000 2.000000 2.000000 0.475135 
 0.000500 2.000000 2.000000 2.000000 0.722860 
 0.000583 2.000000 2.000000 2.000000 0.979007 
 0.000667 2.000000 2.000000 2.000000 1.213722 
 0.000750 2.000000 2.000000 2.000000 1.439219 
 0.000833 2.000000 2.000000 2.000000 1.611826 
 0.000917 2.000000 2.000000 2.000000 1.738950 
 0.001000 2.000000 2.000000 2.000000 1.840122 
 0.001083 2.000000 2.000000 2.000000 1.889282 
 0.001167 2.000000 2.000000 2.000000 1.931035 
 0.001250 2.000000 2.000000 2.000000 1.930103 
 0.001333 2.000000 2.000000 2.000000 1.908677 
 0.001417 2.000000 2.000000 2.000000 1.900369 
 0.001500 2.000000 2.000000 2.000000 1.856627 
 0.001583 2.000000 2.000000 2.000000 1.778556 
 0.001667 2.000000 2.000000 2.000000 1.749879 
 0.001750 2.000000 2.000000 2.000000 1.718364 
 0.001833 2.000000 2.000000 2.000000 1.672680 
 0.001917 2.000000 2.000000 2.000000 1.643153 
 0.002000 2.000000 2.000000 2.000000 1.623773 
 0.002083 2.000000 2.000000 2.000000 1.602439 
 0.002167 2.000000 2.000000 2.000000 1.601536 
 0.002250 2.000000 2.000000 2.000000 1.590383 
 0.002333 2.000000 2.000000 2.000000 1.590003 
 0.002417 2.000000 2.000000 2.000000 1.587858 
 0.002500 2.000000 2.000000 2.000000 1.589054 
 0.002583 2.000000 2.000000 2.000000 1.599193 
 0.002667 2.000000 2.000000 2.000000 1.622571 
 0.002750 2.000000 2.000000 2.000000 1.610318 
 0.002833 2.000000 2.000000 2.000000 1.632602 
 0.002917 2.000000 2.000000 2.000000 1.642722 
 0.003000 2.000000 2.000000 2.000000 1.655954 
 0.003083 2.000000 2.000000 2.000000 1.621161 
 0.003167 2.000000 2.000000 2.000000 1.621093 
 0.003250 2.000000 2.000000 2.000000 1.621093 
 0.003333 2.000000 2.000000 2.000000 1.609866 
 0.003417 2.000000 2.000000 2.000000 1.622233 
 0.003500 2.000000 2.000000 2.000000 1.622125 
 0.003583 2.000000 2.000000 2.000000 1.632198 
 0.003667 2.000000 2.000000 2.000000 1.610823 
 0.003750 2.000000 2.000000 2.000000 1.622065 
 0.003833 2.000000 2.000000 2.000000 1.634397 
 0.003917 2.000000 2.000000 2.000000 1.621948 
 0.004000 2.000000 2.000000 2.000000 1.623046 
 0.004083 2.000000 2.000000 2.000000 1.634306 
 0.004167 2.000000 2.000000 2.000000 1.622990 
 0.004250 2.000000 2.000000 2.000000 1.621758 
 0.004333 2.000000 2.000000 2.000000 1.622768 
 0.004417 2.000000 2.000000 2.000000 1.621490 
 0.004500 2.000000 2.000000 2.000000 1.624096 
 0.004583 2.000000 2.000000 2.000000 1.586459 
 0.004667 2.000000 2.000000 2.000000 1.612597 
 0.004750 2.000000 2.000000 2.000000 1.611284 
 0.004833 2.000000 2.000000 2.000000 1.625126 
 0.004917 2.000000 2.000000 2.000000 1.623790 
 0.005000 2.000000 2.000000 2.000000 1.649119 
 0.005083 2.000000 2.000000 2.000000 1.647806 
 0.005167 2.000000 2.000000 2.000000 1.622247 
 0.005250 2.000000 2.000000 2.000000 1.623617 
 0.005333 2.000000 2.000000 2.000000 1.624731 
 0.005417 2.000000 2.000000 2.000000 1.623303 
 0.005500 2.000000 2.000000 2.000000 1.624837 
 0.005583 2.000000 2.000000 2.000000 1.624837 
 0.005667 2.000000 2.000000 2.000000 1.626160 
 0.005750 2.000000 2.000000 2.000000 1.624731 
 0.005833 2.000000 2.000000 2.000000 1.613386 
 0.005917 2.000000 2.000000 2.000000 1.603470 
 0.006000 2.000000 2.000000 2.000000 1.616208 
 0.006083 2.000000 2.000000 2.000000 1.614769 
 0.006167 2.000000 2.000000 2.000000 1.625876 
 0.006250 2.000000 2.000000 2.000000 1.614504 
 0.006333 2.000000 2.000000 2.000000 1.625821 
 0.006417 2.000000 2.000000 2.000000 1.637198 
 0.006500 2.000000 2.000000 2.000000 1.627196 
 0.006583 2.000000 2.000000 2.000000 1.640130 
 0.006667 2.000000 2.000000 2.000000 1.612863 
 0.006750 2.000000 2.000000 2.000000 1.624245 
 0.006833 2.000000 2.000000 2.000000 1.615702 
 0.006917 2.000000 2.000000 2.000000 1.614136 
 0.007000 2.000000 2.000000 2.000000 1.625346 
 0.007083 2.000000 2.000000 2.000000 1.615534 
 0.007167 2.000000 2.000000 2.000000 1.626837 
 0.007250 2.000000 2.000000 2.000000 1.603994 
 0.007333 2.000000 2.000000 2.000000 1.607322 
 0.007417 2.000000 2.000000 2.000000 1.607322 
 0.007500 2.000000 2.000000 2.000000 1.617134 
 0.007583 2.000000 2.000000 2.000000 1.615534 
 0.007667 2.000000 2.000000 2.000000 1.624856 
 0.007750 2.000000 2.000000 2.000000 1.626537 
 0.007833 2.000000 2.000000 2.000000 1.628054 
 0.007917 2.000000 2.000000 2.000000 1.628054 
 0.008000 2.000000 2.000000 2.000000 1.614882 
 0.008083 2.000000 2.000000 2.000000 1.616597 
 0.008167 2.000000 2.000000 2.000000 1.627818 
 0.008250 2.000000 2.000000 2.000000 1.604869 
 0.008333 2.000000 2.000000 2.000000 1.614502 
 0.008417 2.000000 2.000000 2.000000 1.624208 
 0.008500 2.000000 2.000000 2.000000 1.616136 
 0.008583 2.000000 2.000000 2.000000 1.621522 
 0.008667 2.000000 2.000000 2.000000 1.617810 
 0.008750 2.000000 2.000000 2.000000 1.627488 
 0.008833 2.000000 2.000000 2.000000 1.621447 
 0.008917 2.000000 2.000000 2.000000 1.619629 
 0.009000 2.000000 2.000000 2.000000 1.631076 
 0.009083 2.000000 2.000000 2.000000 1.621406 
 0.009167 2.000000 2.000000 2.000000 1.621322 
 0.009250 2.000000 2.000000 2.000000 1.619469 
 0.009333 2.000000 2.000000 2.000000 1.634683 
 0.009417 2.000000 2.000000 2.000000 1.636535 
 0.009500 2.000000 2.000000 2.000000 1.634592 
 0.009583 2.000000 2.000000 2.000000 1.609662 
 0.009667 2.000000 2.000000 2.000000 1.619111 
 0.009750 2.000000 2.000000 2.000000 1.603734 
 0.009833 2.000000 2.000000 2.000000 1.617190 
 0.009917 2.000000 2.000000 2.000000 1.640257 
 0.010000 2.000000 2.000000 2.000000 1.632467 
 0.010083 2.000000 2.000000 2.000000 1.618981 
 0.010167 2.000000 2.000000 2.000000 1.645880 
 0.010250 2.000000 2.000000 2.000000 1.632362 
 0.010333 2.000000 2.000000 2.000000 1.663328 
 0.010417 2.000000 2.000000 2.000000 1.632252 
 0.010500 2.000000 2.000000 2.000000 1.630521 
 0.010583 2.000000 2.000000 2.000000 1.661384 
 0.010667 2.000000 2.000000 2.000000 1.634147 
 0.010750 2.000000 2.000000 2.000000 1.634147 
 0.010833 2.000000 2.000000 2.000000 1.620301 
 0.010917 2.000000 2.000000 2.000000 1.606660 
 0.011000 2.000000 2.000000 2.000000 1.593018 
 0.011083 2.000000 2.000000 2.000000 1.608718 
 0.011167 2.000000 2.000000 2.000000 1.610649 
 0.011250 2.000000 2.000000 2.000000 1.610649 
 0.011333 2.000000 2.000000 2.000000 1.610649 
 0.011417 2.000000 2.000000 2.000000 1.624322 
 0.011500 2.000000 2.000000 2.000000 1.594709 
 0.011583 2.000000 2.000000 2.000000 1.614724 
 0.011667 2.000000 2.000000 2.000000 1.594418 
 0.011750 2.000000 2.000000 2.000000 1.651554 
 0.011833 2.000000 2.000000 2.000000 1.651603 
 0.011917 2.000000 2.000000 2.000000 1.669553 
 0.012000 2.000000 2.000000 2.000000 1.653642 
 0.012083 2.000000 2.000000 2.000000 1.639846 
 0.012167 2.000000 2.000000 2.000000 1.641970 
 0.012250 2.000000 2.000000 2.000000 1.639774 
 0.012333 2.000000 2.000000 2.000000 1.663006 
 0.012417 2.000000 2.000000 2.000000 1.646958 
 0.012500 2.000000 2.000000 2.000000 1.633259 
 0.012583 2.000000 2.000000 2.000000 1.633259 
 0.012667 2.000000 2.000000 2.000000 1.644537 
 0.012750 2.000000 2.000000 2.000000 1.623485 
 0.012833 2.000000 2.000000 2.000000 1.625606 
 0.012917 2.000000 2.000000 2.000000 1.625606 
 0.013000 2.000000 2.000000 2.000000 1.616161 
 0.013083 2.000000 2.000000 2.000000 1.630094 
 0.013167 2.000000 2.000000 2.000000 1.630054 
 0.013250 2.000000 2.000000 2.000000 1.630054 
 0.013333 2.000000 2.000000 2.000000 1.660234 
 0.013417 2.000000 2.000000 2.000000 1.618298 
 0.013500 2.000000 2.000000 2.000000 1.615989 
 0.013583 2.000000 2.000000 2.000000 1.615989 
 0.013667 2.000000 2.000000 2.000000 1.620530 
 0.013750 2.000000 2.000000 2.000000 1.622862 
 0.013833 2.000000 2.000000 2.000000 1.620530 
 0.013917 2.000000 2.000000 2.000000 1.613535 
 0.014000 2.000000 2.000000 2.000000 1.641417 
 0.014083 2.000000 2.000000 2.000000 1.641417 
 0.014167 2.000000 2.000000 2.000000 1.627233 
 0.014250 2.000000 2.000000 2.000000 1.669488 
 0.014333 2.000000 2.000000 2.000000 1.638867 
 0.014417 2.000000 2.000000 2.000000 1.641267 
 0.014500 2.000000 2.000000 2.000000 1.641369 
 0.014583 2.000000 2.000000 2.000000 1.641369 
 0.014667 2.000000 2.000000 2.000000 1.629728 
 0.014750 2.000000 2.000000 2.000000 1.641417 
 0.014833 2.000000 2.000000 2.000000 1.629204 
 0.014917 2.000000 2.000000 2.000000 1.626736 
 0.015000 2.000000 2.000000 2.000000 1.640866 
 0.015083 2.000000 2.000000 2.000000 1.629140 
 0.015167 2.000000 2.000000 2.000000 1.640673 
 0.015250 2.000000 2.000000 2.000000 1.628936 
 0.015333 2.000000 2.000000 2.000000 1.659950 
 0.015417 2.000000 2.000000 2.000000 1.633963 
 0.015500 2.000000 2.000000 2.000000 1.633963 
 0.015583 2.000000 2.000000 2.000000 1.633963 
 0.015667 2.000000 2.000000 2.000000 1.636277 
 0.015750 2.000000 2.000000 2.000000 1.638847 
 0.015833 2.000000 2.000000 2.000000 1.641473 
 0.015917 2.000000 2.000000 2.000000 1.624656 
 0.016000 2.000000 2.000000 2.000000 1.624424 
 0.016083 2.000000 2.000000 2.000000 1.636186 
 0.016167 2.000000 2.000000 2.000000 1.650571 
 0.016250 2.000000 2.000000 2.000000 1.650571 
 0.016333 2.000000 2.000000 2.000000 1.653153 
 0.016417 2.000000 2.000000 2.000000 1.647990 
 0.016500 2.000000 2.000000 2.000000 1.645355 
 0.016583 2.000000 2.000000 2.000000 1.633593 
 0.016667 2.000000 2.000000 2.000000 1.630787 
 0.016750 2.000000 2.000000 2.000000 1.637306 
 0.016833 2.000000 2.000000 2.000000 1.627987 
 0.016917 2.000000 2.000000 2.000000 1.647715 
 0.017000 2.000000 2.000000 2.000000 1.662109 
 0.017083 2.000000 2.000000 2.000000 1.638543 
 0.017167 2.000000 2.000000 2.000000 1.652858 
 0.017250 2.000000 2.000000 2.000000 1.638355 
 0.017333 2.000000 2.000000 2.000000 1.641022 
 0.017417 2.000000 2.000000 2.000000 1.638305 
 0.017500 2.000000 2.000000 2.000000 1.606642 
 0.017583 2.000000 2.000000 2.000000 1.626557 
 0.017667 2.000000 2.000000 2.000000 1.617325 
 0.017750 2.000000 2.000000 2.000000 1.629132 
 0.017833 2.000000 2.000000 2.000000 1.626392 
 0.017917 2.000000 2.000000 2.000000 1.646419 
 0.018000 2.000000 2.000000 2.000000 1.640850 
 0.018083 2.000000 2.000000 2.000000 1.652664 
 0.018167 2.000000 2.000000 2.000000 1.667182 
 0.018250 2.000000 2.000000 2.000000 1.640755 
 0.018333 2.000000 2.000000 2.000000 1.638027 
 0.018417 2.000000 2.000000 2.000000 1.628984 
 0.018500 2.000000 2.000000 2.000000 1.638032 
 0.018583 2.000000 2.000000 2.000000 1.640805 
 0.018667 2.000000 2.000000 2.000000 1.628712 
 0.018750 2.000000 2.000000 2.000000 1.631543 
 0.018833 2.000000 2.000000 2.000000 1.643422 
 0.018917 2.000000 2.000000 2.000000 1.643422 
 0.019000 2.000000 2.000000 2.000000 1.628712 
 0.019083 2.000000 2.000000 2.000000 1.654701 
 0.019167 2.000000 2.000000 2.000000 1.655087 
 0.019250 2.000000 2.000000 2.000000 1.655087 
 0.019333 2.000000 2.000000 2.000000 1.652168 
 0.019417 2.000000 2.000000 2.000000 1.655044 
 0.019500 2.000000 2.000000 2.000000 1.657810 
 0.019583 2.000000 2.000000 2.000000 1.654901 
 0.019667 2.000000 2.000000 2.000000 1.655087 
 0.019750 2.000000 2.000000 2.000000 1.657951 
 0.019833 2.000000 2.000000 2.000000 1.663642 
 0.019917 2.000000 2.000000 2.000000 1.651788 
 0.020000 2.000000 2.000000 2.000000 1.634046 
 0.020083 2.000000 2.000000 2.000000 1.634046 
 0.020167 2.000000 2.000000 2.000000 1.637035 
 0.020250 2.000000 2.000000 2.000000 1.645992 
 0.020333 2.000000 2.000000 2.000000 1.657683 
 0.020417 2.000000 2.000000 2.000000 1.645815 
 0.020500 2.000000 2.000000 2.000000 1.606922 
 0.020583 2.000000 2.000000 2.000000 1.654514 
 0.020667 2.000000 2.000000 2.000000 1.642693 
 0.020750 2.000000 2.000000 2.000000 1.675378 
 0.020833 2.000000 2.000000 2.000000 1.648522 
 0.020917 2.000000 2.000000 2.000000 1.672296 
 0.021000 2.000000 2.000000 2.000000 1.651463 
 0.021083 2.000000 2.000000 2.000000 1.648430 
 0.021167 2.000000 2.000000 2.000000 1.639533 
 0.021250 2.000000 2.000000 2.000000 1.663325 
 0.021333 2.000000 2.000000 2.000000 1.714165 
 0.021417 2.000000 2.000000 2.000000 1.636590 
 0.021500 2.000000 2.000000 2.000000 1.633504 
 0.021583 2.000000 2.000000 2.000000 1.618578 
 0.021667 2.000000 2.000000 2.000000 1.633445 
 0.021750 2.000000 2.000000 2.000000 1.636489 
 0.021833 2.000000 2.000000 2.000000 1.648284 
 0.021917 2.000000 2.000000 2.000000 1.633315 
 0.022000 2.000000 2.000000 2.000000 1.639448 
 0.022083 2.000000 2.000000 2.000000 1.666319 
 0.022167 2.000000 2.000000 2.000000 1.627401 
 0.022250 2.000000 2.000000 2.000000 1.636213 
 0.022333 2.000000 2.000000 2.000000 1.651131 
 0.022417 2.000000 2.000000 2.000000 1.663049 
 0.022500 2.000000 2.000000 2.000000 1.678264 
 0.022583 2.000000 2.000000 2.000000 1.648385 
 0.022667 2.000000 2.000000 2.000000 1.659689 
 0.022750 2.000000 2.000000 2.000000 1.662857 
 0.022833 2.000000 2.000000 2.000000 1.662956 
 0.022917 2.000000 2.000000 2.000000 1.654178 
 0.023000 2.000000 2.000000 2.000000 1.657424 
 0.023083 2.000000 2.000000 2.000000 1.654324 
 0.023167 2.000000 2.000000 2.000000 1.654054 
 0.023250 2.000000 2.000000 2.000000 1.638943 
 0.023333 2.000000 2.000000 2.000000 1.650816 
 0.023417 2.000000 2.000000 2.000000 1.635689 
 0.023500 2.000000 2.000000 2.000000 1.654140 
 0.023583 2.000000 2.000000 2.000000 1.650984 
 0.023667 2.000000 2.000000 2.000000 1.653963 
 0.023750 2.000000 2.000000 2.000000 1.653963 
 0.023833 2.000000 2.000000 2.000000 1.669333 
 0.023917 2.000000 2.000000 2.000000 1.642408 
 0.024000 2.000000 2.000000 2.000000 1.629922 
 0.024083 2.000000 2.000000 2.000000 1.623453 
 0.024167 2.000000 2.000000 2.000000 1.641870 
 0.024250 2.000000 2.000000 2.000000 1.657053 
 0.024333 2.000000 2.000000 2.000000 1.668923 
 0.024417 2.000000 2.000000 2.000000 1.680877 
 0.024500 2.000000 2.000000 2.000000 1.684157 
 0.024583 2.000000 2.000000 2.000000 1.675453 
 0.024667 2.000000 2.000000 2.000000 1.672119 
 0.024750 2.000000 2.000000 2.000000 1.702598 
 0.024833 2.000000 2.000000 2.000000 1.684207 
 0.024917 2.000000 2.000000 2.000000 1.653872 
 0.025000 2.000000 2.000000 2.000000 1.650255 
 0.025083 2.000000 2.000000 2.000000 1.665508 
 0.025167 2.000000 2.000000 2.000000 1.641322 
 0.025250 2.000000 2.000000 2.000000 1.626012 
 0.025333 2.000000 2.000000 2.000000 1.638292 
 0.025417 2.000000 2.000000 2.000000 1.617657 
 0.025500 2.000000 2.000000 2.000000 1.626174 
 0.025583 2.000000 2.000000 2.000000 1.632800 
 0.025667 2.000000 2.000000 2.000000 1.663303 
 0.025750 2.000000 2.000000 2.000000 1.659968 
 0.025833 2.000000 2.000000 2.000000 1.647993 
 0.025917 2.000000 2.000000 2.000000 1.699227 
 0.026000 2.000000 2.000000 2.000000 1.671860 
 0.026083 2.000000 2.000000 2.000000 1.687198 
 0.026167 2.000000 2.000000 2.000000 1.656521 
 0.026250 2.000000 2.000000 2.000000 1.671860 
 0.026333 2.000000 2.000000 2.000000 1.675188 
 0.026417 2.000000 2.000000 2.000000 1.659837 
 0.026500 2.000000 2.000000 2.000000 1.656468 
 0.026583 2.000000 2.000000 2.000000 1.669942 
 0.026667 2.000000 2.000000 2.000000 1.659785 
 0.026750 2.000000 2.000000 2.000000 1.641037 
 0.026833 2.000000 2.000000 2.000000 1.668607 
 0.026917 2.000000 2.000000 2.000000 1.663303 
 0.027000 2.000000 2.000000 2.000000 1.659421 
 0.027083 2.000000 2.000000 2.000000 1.674884 
 0.027167 2.000000 2.000000 2.000000 1.647642 
 0.027250 2.000000 2.000000 2.000000 1.647642 
 0.027333 2.000000 2.000000 2.000000 1.671527 
 0.027417 2.000000 2.000000 2.000000 1.671527 
 0.027500 2.000000 2.000000 2.000000 1.675119 
 0.027583 2.000000 2.000000 2.000000 1.666522 
 0.027667 2.000000 2.000000 2.000000 1.673262 
 0.027750 2.000000 2.000000 2.000000 1.645810 
 0.027833 2.000000 2.000000 2.000000 1.669815 
 0.027917 2.000000 2.000000 2.000000 1.642363 
 0.028000 2.000000 2.000000 2.000000 1.635141 
 0.028083 2.000000 2.000000 2.000000 1.650659 
 0.028167 2.000000 2.000000 2.000000 1.659356 
 0.028250 2.000000 2.000000 2.000000 1.635340 
 0.028333 2.000000 2.000000 2.000000 1.659356 
 0.028417 2.000000 2.000000 2.000000 1.647348 
 0.028500 2.000000 2.000000 2.000000 1.647290 
 0.028583 2.000000 2.000000 2.000000 1.662780 
 0.028667 2.000000 2.000000 2.000000 1.685161 
 0.028750 2.000000 2.000000 2.000000 1.666090 
 0.028833 2.000000 2.000000 2.000000 1.681773 
 0.028917 2.000000 2.000000 2.000000 1.678303 
 0.029000 2.000000 2.000000 2.000000 1.666178 
 0.029083 2.000000 2.000000 2.000000 1.657664 
 0.029167 2.000000 2.000000 2.000000 1.666139 
 0.029250 2.000000 2.000000 2.000000 1.661145 
 0.029333 2.000000 2.000000 2.000000 1.654068 
 0.029417 2.000000 2.000000 2.000000 1.669615 
 0.029500 2.000000 2.000000 2.000000 1.662724 
 0.029583 2.000000 2.000000 2.000000 1.647218 
 0.029667 2.000000 2.000000 2.000000 1.674475 
 0.029750 2.000000 2.000000 2.000000 1.662448 
 0.029833 2.000000 2.000000 2.000000 1.645571 
 0.029917 2.000000 2.000000 2.000000 1.657593 
 0.030000 2.000000 2.000000 2.000000 1.662448 
 0.030083 2.000000 2.000000 2.000000 1.665995 
 0.030167 2.000000 2.000000 2.000000 1.665995 
 0.030250 2.000000 2.000000 2.000000 1.665995 
 0.030333 2.000000 2.000000 2.000000 1.677980 
 0.030417 2.000000 2.000000 2.000000 1.690010 
 0.030500 2.000000 2.000000 2.000000 1.665738 
 0.030583 2.000000 2.000000 2.000000 1.665738 
 0.030667 2.000000 2.000000 2.000000 1.653761 
 0.030750 2.000000 2.000000 2.000000 1.669389 
 0.030833 2.000000 2.000000 2.000000 1.657300 
 0.030917 2.000000 2.000000 2.000000 1.672944 
 0.031000 2.000000 2.000000 2.000000 1.664506 
 0.031083 2.000000 2.000000 2.000000 1.672944 
 0.031167 2.000000 2.000000 2.000000 1.681538 
 0.031250 2.000000 2.000000 2.000000 1.709155 
 0.031333 2.000000 2.000000 2.000000 1.665738 
 0.031417 2.000000 2.000000 2.000000 1.653697 
 0.031500 2.000000 2.000000 2.000000 1.653697 
 0.031583 2.000000 2.000000 2.000000 1.669341 
 0.031667 2.000000 2.000000 2.000000 1.681252 
 0.031750 2.000000 2.000000 2.000000 1.657156 
 0.031833 2.000000 2.000000 2.000000 1.669300 
 0.031917 2.000000 2.000000 2.000000 1.672913 
 0.032000 2.000000 2.000000 2.000000 1.676588 
 0.032083 2.000000 2.000000 2.000000 1.673008 
 0.032167 2.000000 2.000000 2.000000 1.672873 
 0.032250 2.000000 2.000000 2.000000 1.684919 
 0.032333 2.000000 2.000000 2.000000 1.681342 
 0.032417 2.000000 2.000000 2.000000 1.672913 
 0.032500 2.000000 2.000000 2.000000 1.657156 
 0.032583 2.000000 2.000000 2.000000 1.645108 
 0.032667 2.000000 2.000000 2.000000 1.665513 
 0.032750 2.000000 2.000000 2.000000 1.657108 
 0.032833 2.000000 2.000000 2.000000 1.642211 
 0.032917 2.000000 2.000000 2.000000 1.656935 
 0.033000 2.000000 2.000000 2.000000 1.669102 
 0.033083 2.000000 2.000000 2.000000 1.684813 
 0.033167 2.000000 2.000000 2.000000 1.672722 
 0.033250 2.000000 2.000000 2.000000 1.704170 
 0.033333 2.000000 2.000000 2.000000 1.700446 
 0.033417 2.000000 2.000000 2.000000 1.681003 
 0.033500 2.000000 2.000000 2.000000 1.747723 
 0.033583 2.000000 2.000000 2.000000 1.692032 
 0.033667 2.000000 2.000000 2.000000 1.707834 
 0.033750 2.000000 2.000000 2.000000 1.672674 
 0.033833 2.000000 2.000000 2.000000 1.684694 
 0.033917 2.000000 2.000000 2.000000 1.660573 
 0.034000 2.000000 2.000000 2.000000 1.664365 
 0.034083 2.000000 2.000000 2.000000 1.644995 
 0.034167 2.000000 2.000000 2.000000 1.672438 
 0.034250 2.000000 2.000000 2.000000 1.684509 
 0.034333 2.000000 2.000000 2.000000 1.672539 
 0.034417 2.000000 2.000000 2.000000 1.672539 
 0.034500 2.000000 2.000000 2.000000 1.656882 
 0.034583 2.000000 2.000000 2.000000 1.660573 
 0.034667 2.000000 2.000000 2.000000 1.656882 
 0.034750 2.000000 2.000000 2.000000 1.672634 
 0.034833 2.000000 2.000000 2.000000 1.707821 
 0.034917 2.000000 2.000000 2.000000 1.676293 
 0.035000 2.000000 2.000000 2.000000 1.684813 
 0.035083 2.000000 2.000000 2.000000 1.684813 
 0.035167 2.000000 2.000000 2.000000 1.672438 
 0.035250 2.000000 2.000000 2.000000 1.668702 
 0.035333 2.000000 2.000000 2.000000 1.660473 
 0.035417 2.000000 2.000000 2.000000 1.688318 
 0.035500 2.000000 2.000000 2.000000 1.700384 
 0.035583 2.000000 2.000000 2.000000 1.676252 
 0.035667 2.000000 2.000000 2.000000 1.731930 
 0.035750 2.000000 2.000000 2.000000 1.684509 
 0.035833 2.000000 2.000000 2.000000 1.672683 
 0.035917 2.000000 2.000000 2.000000 1.664304 
 0.036000 2.000000 2.000000 2.000000 1.672495 
 0.036083 2.000000 2.000000 2.000000 1.688286 
 0.036167 2.000000 2.000000 2.000000 1.672281 
 0.036250 2.000000 2.000000 2.000000 1.680591 
 0.036333 2.000000 2.000000 2.000000 1.672391 
 0.036417 2.000000 2.000000 2.000000 1.707776 
 0.036500 2.000000 2.000000 2.000000 1.696438 
 0.036583 2.000000 2.000000 2.000000 1.684359 
 0.036667 2.000000 2.000000 2.000000 1.688210 
 0.036750 2.000000 2.000000 2.000000 1.684464 
 0.036833 2.000000 2.000000 2.000000 1.691956 
 0.036917 2.000000 2.000000 2.000000 1.700284 
 0.037000 2.000000 2.000000 2.000000 1.704030 
 0.037083 2.000000 2.000000 2.000000 1.679883 
 0.037167 2.000000 2.000000 2.000000 1.679747 
 0.037250 2.000000 2.000000 2.000000 1.663873 
 0.037333 2.000000 2.000000 2.000000 1.679787 
 0.037417 2.000000 2.000000 2.000000 1.672230 
 0.037500 2.000000 2.000000 2.000000 1.676137 
 0.037583 2.000000 2.000000 2.000000 1.660318 
 0.037667 2.000000 2.000000 2.000000 1.672165 
 0.037750 2.000000 2.000000 2.000000 1.656290 
 0.037833 2.000000 2.000000 2.000000 1.672391 
 0.037917 2.000000 2.000000 2.000000 1.672391 
 0.038000 2.000000 2.000000 2.000000 1.688089 
 0.038083 2.000000 2.000000 2.000000 1.688089 
 0.038167 2.000000 2.000000 2.000000 1.707744 
 0.038250 2.000000 2.000000 2.000000 1.676050 
 0.038333 2.000000 2.000000 2.000000 1.659954 
 0.038417 2.000000 2.000000 2.000000 1.691758 
 0.038500 2.000000 2.000000 2.000000 1.675956 
 0.038583 2.000000 2.000000 2.000000 1.691831 
 0.038667 2.000000 2.000000 2.000000 1.703975 
 0.038750 2.000000 2.000000 2.000000 1.691897 
 0.038833 2.000000 2.000000 2.000000 1.683566 
 0.038917 2.000000 2.000000 2.000000 1.663928 
 0.039000 2.000000 2.000000 2.000000 1.687900 
 0.039083 2.000000 2.000000 2.000000 1.691724 
 0.039167 2.000000 2.000000 2.000000 1.703975 
 0.039250 2.000000 2.000000 2.000000 1.679818 
 0.039333 2.000000 2.000000 2.000000 1.688089 
 0.039417 2.000000 2.000000 2.000000 1.676009 
 0.039500 2.000000 2.000000 2.000000 1.659896 
 0.039583 2.000000 2.000000 2.000000 1.679633 
 0.039667 2.000000 2.000000 2.000000 1.675856 
 0.039750 2.000000 2.000000 2.000000 1.691758 
 0.039833 2.000000 2.000000 2.000000 1.691831 
 0.039917 2.000000 2.000000 2.000000 1.703914 
 0.040000 2.000000 2.000000 2.000000 1.695622 
 0.040083 2.000000 2.000000 2.000000 1.707705 
 0.040167 2.000000 2.000000 2.000000 1.695548 
 0.040250 2.000000 2.000000 2.000000 1.679633 
 0.040333 2.000000 2.000000 2.000000 1.679633 
 0.040417 2.000000 2.000000 2.000000 1.715286 
 0.040500 2.000000 2.000000 2.000000 1.695600 
 0.040583 2.000000 2.000000 2.000000 1.711487 
 0.040667 2.000000 2.000000 2.000000 1.691799 
 0.040750 2.000000 2.000000 2.000000 1.675912 
 0.040833 2.000000 2.000000 2.000000 1.687998 
 0.040917 2.000000 2.000000 2.000000 1.664509 
 0.041000 2.000000 2.000000 2.000000 1.671986 
 0.041083 2.000000 2.000000 2.000000 1.691724 
 0.041167 2.000000 2.000000 2.000000 1.667628 
 0.041250 2.000000 2.000000 2.000000 1.691799 
 0.041333 2.000000 2.000000 2.000000 1.715799 
 0.041417 2.000000 2.000000 2.000000 1.699846 
 0.041500 2.000000 2.000000 2.000000 1.675810 
 0.041583 2.000000 2.000000 2.000000 1.687900 
 0.041667 2.000000 2.000000 2.000000 1.679633 
 0.041750 2.000000 2.000000 2.000000 1.679633 
 0.041833 2.000000 2.000000 2.000000 1.691117 
 0.041917 2.000000 2.000000 2.000000 1.691117 
 0.042000 2.000000 2.000000 2.000000 1.711397 
 0.042083 2.000000 2.000000 2.000000 1.695431 
 0.042167 2.000000 2.000000 2.000000 1.691724 
 0.042250 2.000000 2.000000 2.000000 1.691724 
 0.042333 2.000000 2.000000 2.000000 1.679713 
 0.042417 2.000000 2.000000 2.000000 1.679713 
 0.042500 2.000000 2.000000 2.000000 1.675810 
 0.042583 2.000000 2.000000 2.000000 1.687900 
 0.042667 2.000000 2.000000 2.000000 1.755381 
 0.042750 2.000000 2.000000 2.000000 1.691724 
 0.042833 2.000000 2.000000 2.000000 1.679633 
 0.042917 2.000000 2.000000 2.000000 1.679633 
 0.043000 2.000000 2.000000 2.000000 1.684077 
 0.043083 2.000000 2.000000 2.000000 1.692343 
 0.043167 2.000000 2.000000 2.000000 1.687900 
 0.043250 2.000000 2.000000 2.000000 1.671986 
 0.043333 2.000000 2.000000 2.000000 1.675810 
 0.043417 2.000000 2.000000 2.000000 1.691724 
 0.043500 2.000000 2.000000 2.000000 1.711474 
 0.043583 2.000000 2.000000 2.000000 1.663768 
 0.043667 2.000000 2.000000 2.000000 1.691121 
 0.043750 2.000000 2.000000 2.000000 1.679747 
 0.043833 2.000000 2.000000 2.000000 1.691724 
 0.043917 2.000000 2.000000 2.000000 1.679633 
 0.044000 2.000000 2.000000 2.000000 1.679633 
 0.044083 2.000000 2.000000 2.000000 1.679633 
 0.044167 2.000000 2.000000 2.000000 1.675856 
 0.044250 2.000000 2.000000 2.000000 1.675856 
 0.044333 2.000000 2.000000 2.000000 1.675701 
 0.044417 2.000000 2.000000 2.000000 1.691643 
 0.044500 2.000000 2.000000 2.000000 1.703738 
 0.044583 2.000000 2.000000 2.000000 1.707584 
 0.044667 2.000000 2.000000 2.000000 1.691724 
 0.044750 2.000000 2.000000 2.000000 1.659896 
 0.044833 2.000000 2.000000 2.000000 1.691724 
 0.044917 2.000000 2.000000 2.000000 1.679633 
 0.045000 2.000000 2.000000 2.000000 1.699317 
 0.045083 2.000000 2.000000 2.000000 1.727368 
 0.045167 2.000000 2.000000 2.000000 1.703655 
 0.045250 2.000000 2.000000 2.000000 1.691555 
 0.045333 2.000000 2.000000 2.000000 1.687900 
 0.045417 2.000000 2.000000 2.000000 1.668162 
 0.045500 2.000000 2.000000 2.000000 1.691689 
 0.045583 2.000000 2.000000 2.000000 1.715874 
 0.045667 2.000000 2.000000 2.000000 1.703814 
 0.045750 2.000000 2.000000 2.000000 1.695548 
 0.045833 2.000000 2.000000 2.000000 1.671395 
 0.045917 2.000000 2.000000 2.000000 1.695572 
 0.046000 2.000000 2.000000 2.000000 1.691679 
 0.046083 2.000000 2.000000 2.000000 1.671914 
 0.046167 2.000000 2.000000 2.000000 1.683892 
 0.046250 2.000000 2.000000 2.000000 1.703702 
 0.046333 2.000000 2.000000 2.000000 1.691831 
 0.046417 2.000000 2.000000 2.000000 1.679747 
 0.046500 2.000000 2.000000 2.000000 1.679713 
 0.046583 2.000000 2.000000 2.000000 1.727374 
 0.046667 2.000000 2.000000 2.000000 1.707686 
 0.046750 2.000000 2.000000 2.000000 1.687998 
 0.046833 2.000000 2.000000 2.000000 1.667938 
 0.046917 2.000000 2.000000 2.000000 1.675651 
 0.047000 2.000000 2.000000 2.000000 1.659759 
 0.047083 2.000000 2.000000 2.000000 1.687796 
 0.047167 2.000000 2.000000 2.000000 1.680104 
 0.047250 2.000000 2.000000 2.000000 1.691643 
 0.047333 2.000000 2.000000 2.000000 1.687748 
 0.047417 2.000000 2.000000 2.000000 1.695460 
 0.047500 2.000000 2.000000 2.000000 1.695392 
 0.047583 2.000000 2.000000 2.000000 1.695392 
 0.047667 2.000000 2.000000 2.000000 1.699271 
 0.047750 2.000000 2.000000 2.000000 1.683290 
 0.047833 2.000000 2.000000 2.000000 1.678945 
 0.047917 2.000000 2.000000 2.000000 1.683290 
 0.048000 2.000000 2.000000 2.000000 1.687330 
 0.048083 2.000000 2.000000 2.000000 1.667664 
 0.048167 2.000000 2.000000 2.000000 1.699317 
 0.048250 2.000000 2.000000 2.000000 1.691604 
 0.048333 2.000000 2.000000 2.000000 1.687855 
 0.048417 2.000000 2.000000 2.000000 1.675762 
 0.048500 2.000000 2.000000 2.000000 1.683694 
 0.048583 2.000000 2.000000 2.000000 1.687583 
 0.048667 2.000000 2.000000 2.000000 1.687635 
 0.048750 2.000000 2.000000 2.000000 1.691514 
 0.048833 2.000000 2.000000 2.000000 1.679713 
 0.048917 2.000000 2.000000 2.000000 1.667628 
 0.049000 2.000000 2.000000 2.000000 1.687796 
 0.049083 2.000000 2.000000 2.000000 1.679547 
 0.049167 2.000000 2.000000 2.000000 1.711414 
 0.049250 2.000000 2.000000 2.000000 1.691604 
 0.049333 2.000000 2.000000 2.000000 1.679633 
 0.049417 2.000000 2.000000 2.000000 1.684077 
 0.049500 2.000000 2.000000 2.000000 1.691604 
 0.049583 2.000000 2.000000 2.000000 1.691604 
 0.049667 2.000000 2.000000 2.000000 1.671232 
 0.049750 2.000000 2.000000 2.000000 1.667366 
 0.049833 2.000000 2.000000 2.000000 1.695489 
 0.049917 2.000000 2.000000 2.000000 1.711430 
 0.050000 2.000000 2.000000 2.000000 1.719624 
 0.050083 2.000000 2.000000 2.000000 1.707523 
 0.050167 2.000000 2.000000 2.000000 1.695489 
 0.050250 2.000000 2.000000 2.000000 1.679547 
 0.050333 2.000000 2.000000 2.000000 1.679454 
 0.050417 2.000000 2.000000 2.000000 1.683323 
 0.050500 2.000000 2.000000 2.000000 1.695600 
 0.050583 2.000000 2.000000 2.000000 1.687998 
 0.050667 2.000000 2.000000 2.000000 1.671654 
 0.050750 2.000000 2.000000 2.000000 1.679411 
 0.050833 2.000000 2.000000 2.000000 1.675533 
 0.050917 2.000000 2.000000 2.000000 1.663430 
 0.051000 2.000000 2.000000 2.000000 1.679507 
 0.051083 2.000000 2.000000 2.000000 1.655312 
 0.051167 2.000000 2.000000 2.000000 1.695489 
 0.051250 2.000000 2.000000 2.000000 1.691643 
 0.051333 2.000000 2.000000 2.000000 1.723476 
 0.051417 2.000000 2.000000 2.000000 1.695392 
 0.051500 2.000000 2.000000 2.000000 1.691643 
 0.051583 2.000000 2.000000 2.000000 1.691643 
 0.051667 2.000000 2.000000 2.000000 1.683323 
 0.051750 2.000000 2.000000 2.000000 1.683323 
 0.051833 2.000000 2.000000 2.000000 1.675586 
 0.051917 2.000000 2.000000 2.000000 1.675586 
 0.052000 2.000000 2.000000 2.000000 1.711373 
 0.052083 2.000000 2.000000 2.000000 1.679411 
 0.052167 2.000000 2.000000 2.000000 1.679411 
 0.052250 2.000000 2.000000 2.000000 1.679411 
 0.052333 2.000000 2.000000 2.000000 1.691061 
 0.052417 2.000000 2.000000 2.000000 1.707523 
 0.052500 2.000000 2.000000 2.000000 1.695489 
 0.052583 2.000000 2.000000 2.000000 1.687796 
 0.052667 2.000000 2.000000 2.000000 1.679454 
 0.052750 2.000000 2.000000 2.000000 1.711392 
 0.052833 2.000000 2.000000 2.000000 1.695489 
 0.052917 2.000000 2.000000 2.000000 1.643261 
 0.053000 2.000000 2.000000 2.000000 1.683290 
 0.053083 2.000000 2.000000 2.000000 1.703150 
 0.053167 2.000000 2.000000 2.000000 1.695460 
 0.053250 2.000000 2.000000 2.000000 1.731224 
 0.053333 2.000000 2.000000 2.000000 1.707495 
 0.053417 2.000000 2.000000 2.000000 1.691514 
 0.053500 2.000000 2.000000 2.000000 1.687843 
 0.053583 2.000000 2.000000 2.000000 1.687843 
 0.053667 2.000000 2.000000 2.000000 1.712121 
 0.053750 2.000000 2.000000 2.000000 1.703846 
 0.053833 2.000000 2.000000 2.000000 1.695392 
 0.053917 2.000000 2.000000 2.000000 1.667309 
 0.054000 2.000000 2.000000 2.000000 1.691724 
 0.054083 2.000000 2.000000 2.000000 1.691724 
 0.054167 2.000000 2.000000 2.000000 1.683290 
 0.054250 2.000000 2.000000 2.000000 1.679411 
 0.054333 2.000000 2.000000 2.000000 1.699271 
 0.054417 2.000000 2.000000 2.000000 1.671188 
 0.054500 2.000000 2.000000 2.000000 1.683290 
 0.054583 2.000000 2.000000 2.000000 1.683290 
 0.054667 2.000000 2.000000 2.000000 1.683323 
 0.054750 2.000000 2.000000 2.000000 1.679454 
 0.054833 2.000000 2.000000 2.000000 1.699623 
 0.054917 2.000000 2.000000 2.000000 1.667606 
 0.055000 2.000000 2.000000 2.000000 1.691514 
 0.055083 2.000000 2.000000 2.000000 1.695392 
 0.055167 2.000000 2.000000 2.000000 1.679411 
 0.055250 2.000000 2.000000 2.000000 1.679411 
 0.055333 2.000000 2.000000 2.000000 1.695431 
 0.055417 2.000000 2.000000 2.000000 1.695431 
 0.055500 2.000000 2.000000 2.000000 1.703702 
 0.055583 2.000000 2.000000 2.000000 1.695460 
 0.055667 2.000000 2.000000 2.000000 1.695489 
 0.055750 2.000000 2.000000 2.000000 1.695489 
 0.055833 2.000000 2.000000 2.000000 1.691514 
 0.055917 2.000000 2.000000 2.000000 1.691514 
 0.056000 2.000000 2.000000 2.000000 1.679507 
 0.056083 2.000000 2.000000 2.000000 1.679507 
 0.056167 2.000000 2.000000 2.000000 1.687635 
 0.056250 2.000000 2.000000 2.000000 1.695859 
 0.056333 2.000000 2.000000 2.000000 1.707425 
 0.056417 2.000000 2.000000 2.000000 1.691417 
 0.056500 2.000000 2.000000 2.000000 1.683323 
 0.056583 2.000000 2.000000 2.000000 1.695423 
 0.056667 2.000000 2.000000 2.000000 1.687461 
 0.056750 2.000000 2.000000 2.000000 1.691372 
 0.056833 2.000000 2.000000 2.000000 1.711373 
 0.056917 2.000000 2.000000 2.000000 1.695392 
 0.057000 2.000000 2.000000 2.000000 1.687085 
 0.057083 2.000000 2.000000 2.000000 1.666778 
 0.057167 2.000000 2.000000 2.000000 1.671104 
 0.057250 2.000000 2.000000 2.000000 1.687112 
 0.057333 2.000000 2.000000 2.000000 1.675533 
 0.057417 2.000000 2.000000 2.000000 1.675533 
 0.057500 2.000000 2.000000 2.000000 1.667309 
 0.057583 2.000000 2.000000 2.000000 1.683290 
 0.057667 2.000000 2.000000 2.000000 1.683211 
 0.057750 2.000000 2.000000 2.000000 1.695318 
 0.057833 2.000000 2.000000 2.000000 1.687085 
 0.057917 2.000000 2.000000 2.000000 1.699194 
 0.058000 2.000000 2.000000 2.000000 1.699243 
 0.058083 2.000000 2.000000 2.000000 1.699243 
 0.058167 2.000000 2.000000 2.000000 1.687085 
 0.058250 2.000000 2.000000 2.000000 1.667154 
 0.058333 2.000000 2.000000 2.000000 1.670972 
 0.058417 2.000000 2.000000 2.000000 1.687019 
 0.058500 2.000000 2.000000 2.000000 1.695318 
 0.058583 2.000000 2.000000 2.000000 1.695318 
 0.058667 2.000000 2.000000 2.000000 1.707417 
 0.058750 2.000000 2.000000 2.000000 1.703513 
 0.058833 2.000000 2.000000 2.000000 1.723476 
 0.058917 2.000000 2.000000 2.000000 1.695392 
 0.059000 2.000000 2.000000 2.000000 1.683211 
 0.059083 2.000000 2.000000 2.000000 1.679310 
 0.059167 2.000000 2.000000 2.000000 1.687461 
 0.059250 2.000000 2.000000 2.000000 1.707392 
 0.059333 2.000000 2.000000 2.000000 1.683211 
 0.059417 2.000000 2.000000 2.000000 1.691013 
 0.059500 2.000000 2.000000 2.000000 1.663105 
 0.059583 2.000000 2.000000 2.000000 1.667038 
 0.059667 2.000000 2.000000 2.000000 1.687085 
 0.059750 2.000000 2.000000 2.000000 1.687085 
 0.059833 2.000000 2.000000 2.000000 1.699219 
 0.059917 2.000000 2.000000 2.000000 1.715227 
 0.060000 2.000000 2.000000 2.000000 1.687085 
 0.060083 2.000000 2.000000 2.000000 1.671065 
 0.060167 2.000000 2.000000 2.000000 1.703120 
 0.060250 2.000000 2.000000 2.000000 1.699219 
 0.060333 2.000000 2.000000 2.000000 1.711373 
 0.060417 2.000000 2.000000 2.000000 1.683290 
 0.060500 2.000000 2.000000 2.000000 1.699219 
 0.060583 2.000000 2.000000 2.000000 1.683211 
 0.060667 2.000000 2.000000 2.000000 1.679310 
 0.060750 2.000000 2.000000 2.000000 1.683211 
 0.060833 2.000000 2.000000 2.000000 1.682991 
 0.060917 2.000000 2.000000 2.000000 1.686947 
 0.061000 2.000000 2.000000 2.000000 1.707022 
 0.061083 2.000000 2.000000 2.000000 1.695318 
 0.061167 2.000000 2.000000 2.000000 1.699168 
 0.061250 2.000000 2.000000 2.000000 1.683136 
 0.061333 2.000000 2.000000 2.000000 1.683256 
 0.061417 2.000000 2.000000 2.000000 1.663374 
 0.061500 2.000000 2.000000 2.000000 1.699271 
 0.061583 2.000000 2.000000 2.000000 1.683290 
 0.061667 2.000000 2.000000 2.000000 1.723433 
 0.061750 2.000000 2.000000 2.000000 1.695318 
 0.061833 2.000000 2.000000 2.000000 1.687138 
 0.061917 2.000000 2.000000 2.000000 1.699243 
 0.062000 2.000000 2.000000 2.000000 1.691154 
 0.062083 2.000000 2.000000 2.000000 1.695110 
 0.062167 2.000000 2.000000 2.000000 1.682991 
 0.062250 2.000000 2.000000 2.000000 1.679035 
 0.062333 2.000000 2.000000 2.000000 1.679152 
 0.062417 2.000000 2.000000 2.000000 1.687019 
 0.062500 2.000000 2.000000 2.000000 1.691266 
 0.062583 2.000000 2.000000 2.000000 1.670972 
 0.062667 2.000000 2.000000 2.000000 1.683086 
 0.062750 2.000000 2.000000 2.000000 1.674906 
 0.062833 2.000000 2.000000 2.000000 1.674976 
 0.062917 2.000000 2.000000 2.000000 1.658956 
 0.063000 2.000000 2.000000 2.000000 1.683125 
 0.063083 2.000000 2.000000 2.000000 1.643207 
 0.063167 2.000000 2.000000 2.000000 1.687049 
 0.063250 2.000000 2.000000 2.000000 1.671014 
 0.063333 2.000000 2.000000 2.000000 1.690880 
 0.063417 2.000000 2.000000 2.000000 1.699034 
 0.063500 2.000000 2.000000 2.000000 1.703067 
 0.063583 2.000000 2.000000 2.000000 1.699133 
 0.063667 2.000000 2.000000 2.000000 1.695237 
 0.063750 2.000000 2.000000 2.000000 1.695237 
 0.063833 2.000000 2.000000 2.000000 1.695318 
 0.063917 2.000000 2.000000 2.000000 1.683211 
 0.064000 2.000000 2.000000 2.000000 1.686980 
 0.064083 2.000000 2.000000 2.000000 1.686980 
 0.064167 2.000000 2.000000 2.000000 1.690953 
 0.064250 2.000000 2.000000 2.000000 1.674906 
 0.064333 2.000000 2.000000 2.000000 1.687112 
 0.064417 2.000000 2.000000 2.000000 1.699219 
 0.064500 2.000000 2.000000 2.000000 1.695200 
 0.064583 2.000000 2.000000 2.000000 1.679152 
 0.064667 2.000000 2.000000 2.000000 1.695110 
 0.064750 2.000000 2.000000 2.000000 1.699066 
 0.064833 2.000000 2.000000 2.000000 1.691266 
 0.064917 2.000000 2.000000 2.000000 1.683086 
 0.065000 2.000000 2.000000 2.000000 1.671065 
 0.065083 2.000000 2.000000 2.000000 1.695283 
 0.065167 2.000000 2.000000 2.000000 1.695200 
 0.065250 2.000000 2.000000 2.000000 1.691266 
 0.065333 2.000000 2.000000 2.000000 1.699034 
 0.065417 2.000000 2.000000 2.000000 1.715121 
 0.065500 2.000000 2.000000 2.000000 1.695110 
 0.065583 2.000000 2.000000 2.000000 1.682991 
 0.065667 2.000000 2.000000 2.000000 1.703043 
 0.065750 2.000000 2.000000 2.000000 1.683034 
 0.065833 2.000000 2.000000 2.000000 1.699161 
 0.065917 2.000000 2.000000 2.000000 1.687049 
 0.066000 2.000000 2.000000 2.000000 1.687019 
 0.066083 2.000000 2.000000 2.000000 1.674906 
 0.066167 2.000000 2.000000 2.000000 1.678839 
 0.066250 2.000000 2.000000 2.000000 1.683086 
 0.066333 2.000000 2.000000 2.000000 1.670873 
 0.066417 2.000000 2.000000 2.000000 1.670873 
 0.066500 2.000000 2.000000 2.000000 1.666861 
 0.066583 2.000000 2.000000 2.000000 1.666861 
 0.066667 2.000000 2.000000 2.000000 1.678759 
 0.066750 2.000000 2.000000 2.000000 1.666861 
 0.066833 2.000000 2.000000 2.000000 1.674829 
 0.066917 2.000000 2.000000 2.000000 1.699066 
 0.067000 2.000000 2.000000 2.000000 1.731185 
 0.067083 2.000000 2.000000 2.000000 1.711083 
 0.067167 2.000000 2.000000 2.000000 1.699066 
 0.067250 2.000000 2.000000 2.000000 1.682991 
 0.067333 2.000000 2.000000 2.000000 1.694969 
 0.067417 2.000000 2.000000 2.000000 1.702946 
 0.067500 2.000000 2.000000 2.000000 1.682991 
 0.067583 2.000000 2.000000 2.000000 1.682991 
 0.067667 2.000000 2.000000 2.000000 1.699066 
 0.067750 2.000000 2.000000 2.000000 1.682991 
 0.067833 2.000000 2.000000 2.000000 1.679035 
 0.067917 2.000000 2.000000 2.000000 1.682991 
 0.068000 2.000000 2.000000 2.000000 1.686869 
 0.068083 2.000000 2.000000 2.000000 1.686869 
 0.068167 2.000000 2.000000 2.000000 1.690821 
 0.068250 2.000000 2.000000 2.000000 1.682844 
 0.068333 2.000000 2.000000 2.000000 1.686914 
 0.068417 2.000000 2.000000 2.000000 1.690880 
 0.068500 2.000000 2.000000 2.000000 1.690903 
 0.068583 2.000000 2.000000 2.000000 1.690903 
 0.068667 2.000000 2.000000 2.000000 1.702971 
 0.068750 2.000000 2.000000 2.000000 1.698992 
 0.068833 2.000000 2.000000 2.000000 1.670622 
 0.068917 2.000000 2.000000 2.000000 1.678785 
 0.069000 2.000000 2.000000 2.000000 1.686914 
 0.069083 2.000000 2.000000 2.000000 1.686914 
 0.069167 2.000000 2.000000 2.000000 1.670719 
 0.069250 2.000000 2.000000 2.000000 1.682844 
 0.069333 2.000000 2.000000 2.000000 1.666789 
 0.069417 2.000000 2.000000 2.000000 1.666789 
 0.069500 2.000000 2.000000 2.000000 1.694864 
 0.069583 2.000000 2.000000 2.000000 1.690853 
 0.069667 2.000000 2.000000 2.000000 1.682991 
 0.069750 2.000000 2.000000 2.000000 1.686947 
 0.069833 2.000000 2.000000 2.000000 1.682844 
 0.069917 2.000000 2.000000 2.000000 1.686833 
 0.070000 2.000000 2.000000 2.000000 1.686904 
 0.070083 2.000000 2.000000 2.000000 1.674783 
 0.070167 2.000000 2.000000 2.000000 1.703022 
 0.070250 2.000000 2.000000 2.000000 1.674829 
 0.070333 2.000000 2.000000 2.000000 1.694826 
 0.070417 2.000000 2.000000 2.000000 1.674746 
 0.070500 2.000000 2.000000 2.000000 1.674616 
 0.070583 2.000000 2.000000 2.000000 1.686745 
 0.070667 2.000000 2.000000 2.000000 1.698922 
 0.070750 2.000000 2.000000 2.000000 1.682797 
 0.070833 2.000000 2.000000 2.000000 1.690880 
 0.070917 2.000000 2.000000 2.000000 1.703000 
 0.071000 2.000000 2.000000 2.000000 1.686795 
 0.071083 2.000000 2.000000 2.000000 1.702921 
 0.071167 2.000000 2.000000 2.000000 1.703022 
 0.071250 2.000000 2.000000 2.000000 1.706978 
 0.071333 2.000000 2.000000 2.000000 1.686869 
 0.071417 2.000000 2.000000 2.000000 1.682891 
 0.071500 2.000000 2.000000 2.000000 1.658594 
 0.071583 2.000000 2.000000 2.000000 1.666731 
 0.071667 2.000000 2.000000 2.000000 1.682891 
 0.071750 2.000000 2.000000 2.000000 1.682891 
 0.071833 2.000000 2.000000 2.000000 1.682844 
 0.071917 2.000000 2.000000 2.000000 1.670719 
 0.072000 2.000000 2.000000 2.000000 1.690756 
 0.072083 2.000000 2.000000 2.000000 1.678626 
 0.072167 2.000000 2.000000 2.000000 1.686745 
 0.072250 2.000000 2.000000 2.000000 1.690756 
 0.072333 2.000000 2.000000 2.000000 1.666594 
 0.072417 2.000000 2.000000 2.000000 1.670605 
 0.072500 2.000000 2.000000 2.000000 1.694864 
 0.072583 2.000000 2.000000 2.000000 1.686745 
 0.072667 2.000000 2.000000 2.000000 1.714989 
 0.072750 2.000000 2.000000 2.000000 1.702857 
 0.072833 2.000000 2.000000 2.000000 1.706897 
 0.072917 2.000000 2.000000 2.000000 1.702886 
 0.073000 2.000000 2.000000 2.000000 1.690821 
 0.073083 2.000000 2.000000 2.000000 1.698798 
 0.073167 2.000000 2.000000 2.000000 1.686609 
 0.073250 2.000000 2.000000 2.000000 1.678515 
 0.073333 2.000000 2.000000 2.000000 1.674657 
 0.073417 2.000000 2.000000 2.000000 1.678658 
 0.073500 2.000000 2.000000 2.000000 1.702886 
 0.073583 2.000000 2.000000 2.000000 1.698875 
 0.073667 2.000000 2.000000 2.000000 1.702971 
 0.073750 2.000000 2.000000 2.000000 1.694826 
 0.073833 2.000000 2.000000 2.000000 1.690821 
 0.073917 2.000000 2.000000 2.000000 1.715071 
 0.074000 2.000000 2.000000 2.000000 1.702946 
 0.074083 2.000000 2.000000 2.000000 1.682844 
 0.074167 2.000000 2.000000 2.000000 1.674472 
 0.074250 2.000000 2.000000 2.000000 1.690652 
 0.074333 2.000000 2.000000 2.000000 1.686745 
 0.074417 2.000000 2.000000 2.000000 1.658475 
 0.074500 2.000000 2.000000 2.000000 1.686947 
 0.074583 2.000000 2.000000 2.000000 1.674829 
 0.074667 2.000000 2.000000 2.000000 1.674829 
 0.074750 2.000000 2.000000 2.000000 1.686947 
 0.074833 2.000000 2.000000 2.000000 1.698875 
 0.074917 2.000000 2.000000 2.000000 1.706897 
 0.075000 2.000000 2.000000 2.000000 1.698837 
 0.075083 2.000000 2.000000 2.000000 1.702857 
 0.075167 2.000000 2.000000 2.000000 1.686664 
 0.075250 2.000000 2.000000 2.000000 1.706858 
 0.075333 2.000000 2.000000 2.000000 1.698875 
 0.075417 2.000000 2.000000 2.000000 1.718929 
 0.075500 2.000000 2.000000 2.000000 1.686609 
 0.075583 2.000000 2.000000 2.000000 1.682566 
 0.075667 2.000000 2.000000 2.000000 1.698875 
 0.075750 2.000000 2.000000 2.000000 1.711005 
 0.075833 2.000000 2.000000 2.000000 1.718967 
 0.075917 2.000000 2.000000 2.000000 1.735147 
 0.076000 2.000000 2.000000 2.000000 1.658350 
 0.076083 2.000000 2.000000 2.000000 1.674517 
 0.076167 2.000000 2.000000 2.000000 1.658543 
 0.076250 2.000000 2.000000 2.000000 1.658543 
 0.076333 2.000000 2.000000 2.000000 1.678550 
 0.076417 2.000000 2.000000 2.000000 1.670484 
 0.076500 2.000000 2.000000 2.000000 1.670605 
 0.076583 2.000000 2.000000 2.000000 1.686745 
 0.076667 2.000000 2.000000 2.000000 1.686651 
 0.076750 2.000000 2.000000 2.000000 1.714953 
 0.076833 2.000000 2.000000 2.000000 1.727217 
 0.076917 2.000000 2.000000 2.000000 1.702971 
 0.077000 2.000000 2.000000 2.000000 1.686784 
 0.077083 2.000000 2.000000 2.000000 1.690785 
 0.077167 2.000000 2.000000 2.000000 1.690756 
 0.077250 2.000000 2.000000 2.000000 1.702886 
 0.077333 2.000000 2.000000 2.000000 1.670357 
 0.077417 2.000000 2.000000 2.000000 1.686551 
 0.077500 2.000000 2.000000 2.000000 1.662383 
 0.077583 2.000000 2.000000 2.000000 1.678550 
 0.077667 2.000000 2.000000 2.000000 1.686745 
 0.077750 2.000000 2.000000 2.000000 1.686745 
 0.077833 2.000000 2.000000 2.000000 1.698786 
 0.077917 2.000000 2.000000 2.000000 1.714953 
 0.078000 2.000000 2.000000 2.000000 1.702788 
 0.078083 2.000000 2.000000 2.000000 1.694695 
 0.078167 2.000000 2.000000 2.000000 1.706935 
 0.078250 2.000000 2.000000 2.000000 1.690821 
 0.078333 2.000000 2.000000 2.000000 1.694637 
 0.078417 2.000000 2.000000 2.000000 1.678431 
 0.078500 2.000000 2.000000 2.000000 1.690652 
 0.078583 2.000000 2.000000 2.000000 1.702788 
 0.078667 2.000000 2.000000 2.000000 1.686609 
 0.078750 2.000000 2.000000 2.000000 1.698745 
 0.078833 2.000000 2.000000 2.000000 1.686745 
 0.078917 2.000000 2.000000 2.000000 1.686745 
 0.079000 2.000000 2.000000 2.000000 1.674479 
 0.079083 2.000000 2.000000 2.000000 1.674472 
 0.079167 2.000000 2.000000 2.000000 1.666416 
 0.079250 2.000000 2.000000 2.000000 1.690685 
 0.079333 2.000000 2.000000 2.000000 1.682584 
 0.079417 2.000000 2.000000 2.000000 1.710886 
 0.079500 2.000000 2.000000 2.000000 1.674365 
 0.079583 2.000000 2.000000 2.000000 1.702712 
 0.079667 2.000000 2.000000 2.000000 1.702819 
 0.079750 2.000000 2.000000 2.000000 1.678550 
 0.079833 2.000000 2.000000 2.000000 1.682558 
 0.079917 2.000000 2.000000 2.000000 1.690645 
 0.080000 2.000000 2.000000 2.000000 1.714917 
 0.080083 2.000000 2.000000 2.000000 1.710874 
 0.080167 2.000000 2.000000 2.000000 1.706935 
 0.080250 2.000000 2.000000 2.000000 1.719060 
 0.080333 2.000000 2.000000 2.000000 1.698646 
 0.080417 2.000000 2.000000 2.000000 1.694581 
 0.080500 2.000000 2.000000 2.000000 1.682797 
 0.080583 2.000000 2.000000 2.000000 1.658675 
 0.080667 2.000000 2.000000 2.000000 1.694510 
 0.080750 2.000000 2.000000 2.000000 1.702666 
 0.080833 2.000000 2.000000 2.000000 1.686651 
 0.080917 2.000000 2.000000 2.000000 1.682584 
 0.081000 2.000000 2.000000 2.000000 1.727048 
 0.081083 2.000000 2.000000 2.000000 1.678626 
 0.081167 2.000000 2.000000 2.000000 1.678550 
 0.081250 2.000000 2.000000 2.000000 1.662383 
 0.081333 2.000000 2.000000 2.000000 1.706878 
 0.081417 2.000000 2.000000 2.000000 1.690726 
 0.081500 2.000000 2.000000 2.000000 1.678585 
 0.081583 2.000000 2.000000 2.000000 1.690719 
 0.081667 2.000000 2.000000 2.000000 1.694752 
 0.081750 2.000000 2.000000 2.000000 1.702819 
 0.081833 2.000000 2.000000 2.000000 1.706831 
 0.081917 2.000000 2.000000 2.000000 1.694695 
 0.082000 2.000000 2.000000 2.000000 1.710907 
 0.082083 2.000000 2.000000 2.000000 1.706897 
 0.082167 2.000000 2.000000 2.000000 1.690756 
 0.082250 2.000000 2.000000 2.000000 1.715016 
 0.082333 2.000000 2.000000 2.000000 1.702788 
 0.082417 2.000000 2.000000 2.000000 1.694695 
 0.082500 2.000000 2.000000 2.000000 1.702788 
 0.082583 2.000000 2.000000 2.000000 1.666393 
 0.082667 2.000000 2.000000 2.000000 1.706914 
 0.082750 2.000000 2.000000 2.000000 1.678658 
 0.082833 2.000000 2.000000 2.000000 1.678431 
 0.082917 2.000000 2.000000 2.000000 1.694637 
 0.083000 2.000000 2.000000 2.000000 1.690652 
 0.083083 2.000000 2.000000 2.000000 1.662336 
 0.083167 2.000000 2.000000 2.000000 1.682584 
 0.083250 2.000000 2.000000 2.000000 1.678550 
 0.083333 2.000000 2.000000 2.000000 1.694502 
 0.083417 0.000000 0.000000 0.000000 1.706651 
 0.083500 0.000000 0.000000 0.000000 1.694752 
 0.083583 0.000000 0.000000 0.000000 1.625980 
 0.083667 0.000000 0.000000 0.000000 1.443986 
 0.083750 0.000000 0.000000 0.000000 1.209325 
 0.083833 0.000000 0.000000 0.000000 0.970537 
 0.083917 0.000000 0.000000 0.000000 0.715662 
 0.084000 0.000000 0.000000 0.000000 0.460864 
 0.084083 0.000000 0.000000 0.000000 0.254464 
 0.084167 0.000000 0.000000 0.000000 0.060283 
 0.084250 0.000000 0.000000 0.000000 -0.052993 
 0.084333 0.000000 0.000000 0.000000 -0.137893 
 0.084417 0.000000 0.000000 0.000000 -0.182402 
 0.084500 0.000000 0.000000 0.000000 -0.190538 
 0.084583 0.000000 0.000000 0.000000 -0.166269 
 0.084667 0.000000 0.000000 0.000000 -0.182349 
 0.084750 0.000000 0.000000 0.000000 -0.125712 
 0.084833 0.000000 0.000000 0.000000 -0.069126 
 0.084917 0.000000 0.000000 0.000000 -0.032639 
 0.085000 0.000000 0.000000 0.000000 -0.000127 
 0.085083 0.000000 0.000000 0.000000 0.024120 
 0.085167 0.000000 0.000000 0.000000 0.064468 
 0.085250 0.000000 0.000000 0.000000 0.056511 
 0.085333 0.000000 0.000000 0.000000 0.077083 
 0.085417 0.000000 0.000000 0.000000 0.109130 
 0.085500 0.000000 0.000000 0.000000 0.113043 
 0.085583 0.000000 0.000000 0.000000 0.129067 
 0.085667 0.000000 0.000000 0.000000 0.116954 
 0.085750 0.000000 0.000000 0.000000 0.132990 
 0.085833 0.000000 0.000000 0.000000 0.096658 
 0.085917 0.000000 0.000000 0.000000 0.108772 
 0.086000 0.000000 0.000000 0.000000 0.116968 
 0.086083 0.000000 0.000000 0.000000 0.116968 
 0.086167 0.000000 0.000000 0.000000 0.129067 
 0.086250 0.000000 0.000000 0.000000 0.097184 
 0.086333 0.000000 0.000000 0.000000 0.097184 
 0.086417 0.000000 0.000000 0.000000 0.097184 
 0.086500 0.000000 0.000000 0.000000 0.093415 
 0.086583 0.000000 0.000000 0.000000 0.109329 
 0.086667 0.000000 0.000000 0.000000 0.109469 
 0.086750 0.000000 0.000000 0.000000 0.081558 
 0.086833 0.000000 0.000000 0.000000 0.086357 
 0.086917 0.000000 0.000000 0.000000 0.097497 
 0.087000 0.000000 0.000000 0.000000 0.085406 
 0.087083 0.000000 0.000000 0.000000 0.104921 
 0.087167 0.000000 0.000000 0.000000 0.104917 
 0.087250 0.000000 0.000000 0.000000 0.104917 
 0.087333 0.000000 0.000000 0.000000 0.104931 
 0.087417 0.000000 0.000000 0.000000 0.129053 
 0.087500 0.000000 0.000000 0.000000 0.104921 
 0.087583 0.000000 0.000000 0.000000 0.101198 
 0.087667 0.000000 0.000000 0.000000 0.093932 
 0.087750 0.000000 0.000000 0.000000 0.093932 
 0.087833 0.000000 0.000000 0.000000 0.102410 
 0.087917 0.000000 0.000000 0.000000 0.090360 
 0.088000 0.000000 0.000000 0.000000 0.097652 
 0.088083 0.000000 0.000000 0.000000 0.097652 
 0.088167 0.000000 0.000000 0.000000 0.129037 
 0.088250 0.000000 0.000000 0.000000 0.121811 
 0.088333 0.000000 0.000000 0.000000 0.097798 
 0.088417 0.000000 0.000000 0.000000 0.121868 
 0.088500 0.000000 0.000000 0.000000 0.137493 
 0.088583 0.000000 0.000000 0.000000 0.121903 
 0.088667 0.000000 0.000000 0.000000 0.113435 
 0.088750 0.000000 0.000000 0.000000 0.116993 
 0.088833 0.000000 0.000000 0.000000 0.113486 
 0.088917 0.000000 0.000000 0.000000 0.116988 
 0.089000 0.000000 0.000000 0.000000 0.116990 
 0.089083 0.000000 0.000000 0.000000 0.089422 
 0.089167 0.000000 0.000000 0.000000 0.089468 
 0.089250 0.000000 0.000000 0.000000 0.110003 
 0.089333 0.000000 0.000000 0.000000 0.098038 
 0.089417 0.000000 0.000000 0.000000 0.091099 
 0.089500 0.000000 0.000000 0.000000 0.098133 
 0.089583 0.000000 0.000000 0.000000 0.098133 
 0.089667 0.000000 0.000000 0.000000 0.110171 
 0.089750 0.000000 0.000000 0.000000 0.098180 
 0.089833 0.000000 0.000000 0.000000 0.092995 
 0.089917 0.000000 0.000000 0.000000 0.116972 
 0.090000 0.000000 0.000000 0.000000 0.116960 
 0.090083 0.000000 0.000000 0.000000 0.104986 
 0.090167 0.000000 0.000000 0.000000 0.104986 
 0.090250 0.000000 0.000000 0.000000 0.086317 
 0.090333 0.000000 0.000000 0.000000 0.098340 
 0.090417 0.000000 0.000000 0.000000 0.106988 
 0.090500 0.000000 0.000000 0.000000 0.110290 
 0.090583 0.000000 0.000000 0.000000 0.086341 
 0.090667 0.000000 0.000000 0.000000 0.086439 
 0.090750 0.000000 0.000000 0.000000 0.089731 
 0.090833 0.000000 0.000000 0.000000 0.101750 
 0.090917 0.000000 0.000000 0.000000 0.093036 
 0.091000 0.000000 0.000000 0.000000 0.104986 
 0.091083 0.000000 0.000000 0.000000 0.086467 
 0.091167 0.000000 0.000000 0.000000 0.098559 
 0.091250 0.000000 0.000000 0.000000 0.086617 
 0.091333 0.000000 0.000000 0.000000 0.095510 
 0.091417 0.000000 0.000000 0.000000 0.098666 
 0.091500 0.000000 0.000000 0.000000 0.104976 
 0.091583 0.000000 0.000000 0.000000 0.131970 
 0.091667 0.000000 0.000000 0.000000 0.113741 
 0.091750 0.000000 0.000000 0.000000 0.101811 
 0.091833 0.000000 0.000000 0.000000 0.113741 
 0.091917 0.000000 0.000000 0.000000 0.077950 
 0.092000 0.000000 0.000000 0.000000 0.093052 
 0.092083 0.000000 0.000000 0.000000 0.077983 
 0.092167 0.000000 0.000000 0.000000 0.089959 
 0.092250 0.000000 0.000000 0.000000 0.074947 
 0.092333 0.000000 0.000000 0.000000 0.098790 
 0.092417 0.000000 0.000000 0.000000 0.098790 
 0.092500 0.000000 0.000000 0.000000 0.110785 
 0.092583 0.000000 0.000000 0.000000 0.107752 
 0.092667 0.000000 0.000000 0.000000 0.095735 
 0.092750 0.000000 0.000000 0.000000 0.098812 
 0.092833 0.000000 0.000000 0.000000 0.095922 
 0.092917 0.000000 0.000000 0.000000 0.054241 
 0.093000 0.000000 0.000000 0.000000 0.110732 
 0.093083 0.000000 0.000000 0.000000 0.110732 
 0.093167 0.000000 0.000000 0.000000 0.098992 
 0.093250 0.000000 0.000000 0.000000 0.101968 
 0.093333 0.000000 0.000000 0.000000 0.101968 
 0.093417 0.000000 0.000000 0.000000 0.093068 
 0.093500 0.000000 0.000000 0.000000 0.107922 
 0.093583 0.000000 0.000000 0.000000 0.104945 
 0.093667 0.000000 0.000000 0.000000 0.119660 
 0.093750 0.000000 0.000000 0.000000 0.093069 
 0.093833 0.000000 0.000000 0.000000 0.104945 
 0.093917 0.000000 0.000000 0.000000 0.081191 
 0.094000 0.000000 0.000000 0.000000 0.078317 
 0.094083 0.000000 0.000000 0.000000 0.075419 
 0.094167 0.000000 0.000000 0.000000 0.078303 
 0.094250 0.000000 0.000000 0.000000 0.078303 
 0.094333 0.000000 0.000000 0.000000 0.093068 
 0.094417 0.000000 0.000000 0.000000 0.084475 
 0.094500 0.000000 0.000000 0.000000 0.084610 
 0.094583 0.000000 0.000000 0.000000 0.066585 
 0.094667 0.000000 0.000000 0.000000 0.099166 
 0.094750 0.000000 0.000000 0.000000 0.111014 
 0.094833 0.000000 0.000000 0.000000 0.113928 
 0.094917 0.000000 0.000000 0.000000 0.081247 
 0.095000 0.000000 0.000000 0.000000 0.095897 
 0.095083 0.000000 0.000000 0.000000 0.075573 
 0.095167 0.000000 0.000000 0.000000 0.087429 
 0.095250 0.000000 0.000000 0.000000 0.090247 
 0.095333 0.000000 0.000000 0.000000 0.090247 
 0.095417 0.000000 0.000000 0.000000 0.087429 
 0.095500 0.000000 0.000000 0.000000 0.064531 
 0.095583 0.000000 0.000000 0.000000 0.087493 
 0.095667 0.000000 0.000000 0.000000 0.072960 
 0.095750 0.000000 0.000000 0.000000 0.087537 
 0.095833 0.000000 0.000000 0.000000 0.087537 
 0.095917 0.000000 0.000000 0.000000 0.099351 
 0.096000 0.000000 0.000000 0.000000 0.116674 
 0.096083 0.000000 0.000000 0.000000 0.090319 
 0.096167 0.000000 0.000000 0.000000 0.066721 
 0.096250 0.000000 0.000000 0.000000 0.086711 
 0.096333 0.000000 0.000000 0.000000 0.083964 
 0.096417 0.000000 0.000000 0.000000 0.081258 
 0.096500 0.000000 0.000000 0.000000 0.075895 
 0.096583 0.000000 0.000000 0.000000 0.078578 
 0.096667 0.000000 0.000000 0.000000 0.073246 
 0.096750 0.000000 0.000000 0.000000 0.093050 
 0.096833 0.000000 0.000000 0.000000 0.090378 
 0.096917 0.000000 0.000000 0.000000 0.087705 
 0.097000 0.000000 0.000000 0.000000 0.075991 
 0.097083 0.000000 0.000000 0.000000 0.099544 
 0.097167 0.000000 0.000000 0.000000 0.102194 
 0.097250 0.000000 0.000000 0.000000 0.085193 
 0.097333 0.000000 0.000000 0.000000 0.090424 
 0.097417 0.000000 0.000000 0.000000 0.078655 
 0.097500 0.000000 0.000000 0.000000 0.076063 
 0.097583 0.000000 0.000000 0.000000 0.087829 
 0.097667 0.000000 0.000000 0.000000 0.076135 
 0.097750 0.000000 0.000000 0.000000 0.078706 
 0.097833 0.000000 0.000000 0.000000 0.078706 
 0.097917 0.000000 0.000000 0.000000 0.078706 
 0.098000 0.000000 0.000000 0.000000 0.093023 
 0.098083 0.000000 0.000000 0.000000 0.090486 
 0.098167 0.000000 0.000000 0.000000 0.102220 
 0.098250 0.000000 0.000000 0.000000 0.087910 
 0.098333 0.000000 0.000000 0.000000 0.085414 
 0.098417 0.000000 0.000000 0.000000 0.097158 
 0.098500 0.000000 0.000000 0.000000 0.102230 
 0.098583 0.000000 0.000000 0.000000 0.078742 
 0.098667 0.000000 0.000000 0.000000 0.078778 
 0.098750 0.000000 0.000000 0.000000 0.078778 
 0.098833 0.000000 0.000000 0.000000 0.064516 
 0.098917 0.000000 0.000000 0.000000 0.082963 
 0.099000 0.000000 0.000000 0.000000 0.073912 
 0.099083 0.000000 0.000000 0.000000 0.059737 
 0.099167 0.000000 0.000000 0.000000 0.090528 
 0.099250 0.000000 0.000000 0.000000 0.076323 
 0.099333 0.000000 0.000000 0.000000 0.067107 
 0.099417 0.000000 0.000000 0.000000 0.093001 
 0.099500 0.000000 0.000000 0.000000 0.107139 
 0.099583 0.000000 0.000000 0.000000 0.095428 
 0.099667 0.000000 0.000000 0.000000 0.092983 
 0.099750 0.000000 0.000000 0.000000 0.095383 
 0.099833 0.000000 0.000000 0.000000 0.104726 
 0.099917 0.000000 0.000000 0.000000 0.088068 
 0.100000 0.000000 0.000000 0.000000 0.090598 
 0.100083 0.000000 0.000000 0.000000 0.090598 
 0.100167 0.000000 0.000000 0.000000 0.146983 
 0.100250 0.000000 0.000000 0.000000 0.078883 
 0.100333 0.000000 0.000000 0.000000 0.067228 
 0.100417 0.000000 0.000000 0.000000 0.078917 
 0.100500 0.000000 0.000000 0.000000 0.097615 
 0.100583 0.000000 0.000000 0.000000 0.071909 
 0.100667 0.000000 0.000000 0.000000 0.076641 
 0.100750 0.000000 0.000000 0.000000 0.064967 
 0.100833 0.000000 0.000000 0.000000 0.090641 
 0.100917 0.000000 0.000000 0.000000 0.090641 
 0.101000 0.000000 0.000000 0.000000 0.081280 
 0.101083 0.000000 0.000000 0.000000 0.069618 
 0.101167 0.000000 0.000000 0.000000 0.067302 
 0.101250 0.000000 0.000000 0.000000 0.076663 
 0.101333 0.000000 0.000000 0.000000 0.102317 
 0.101417 0.000000 0.000000 0.000000 0.076707 
 0.101500 0.000000 0.000000 0.000000 0.092937 
 0.101583 0.000000 0.000000 0.000000 0.067346 
 0.101667 0.000000 0.000000 0.000000 0.057969 
 0.101750 0.000000 0.000000 0.000000 0.067360 
 0.101833 0.000000 0.000000 0.000000 0.079045 
 0.101917 0.000000 0.000000 0.000000 0.100101 
 0.102000 0.000000 0.000000 0.000000 0.113975 
 0.102083 0.000000 0.000000 0.000000 0.098289 
 0.102167 0.000000 0.000000 0.000000 0.062833 
 0.102250 0.000000 0.000000 0.000000 0.076751 
 0.102333 0.000000 0.000000 0.000000 0.079045 
 0.102417 0.000000 0.000000 0.000000 0.079045 
 0.102500 0.000000 0.000000 0.000000 0.095147 
 0.102583 0.000000 0.000000 0.000000 0.092918 
 0.102667 0.000000 0.000000 0.000000 0.113959 
 0.102750 0.000000 0.000000 0.000000 0.092875 
 0.102833 0.000000 0.000000 0.000000 0.069663 
 0.102917 0.000000 0.000000 0.000000 0.067582 
 0.103000 0.000000 0.000000 0.000000 0.076966 
 0.103083 0.000000 0.000000 0.000000 0.090731 
 0.103167 0.000000 0.000000 0.000000 0.079076 
 0.103250 0.000000 0.000000 0.000000 0.055814 
 0.103333 0.000000 0.000000 0.000000 0.055903 
 0.103417 0.000000 0.000000 0.000000 0.069653 
 0.103500 0.000000 0.000000 0.000000 0.079201 
 0.103583 0.000000 0.000000 0.000000 0.063528 
 0.103667 0.000000 0.000000 0.000000 0.068567 
 0.103750 0.000000 0.000000 0.000000 0.077029 
 0.103833 0.000000 0.000000 0.000000 0.092833 
 0.103917 0.000000 0.000000 0.000000 0.118058 
 0.104000 0.000000 0.000000 0.000000 0.104396 
 0.104083 0.000000 0.000000 0.000000 0.106431 
 0.104167 0.000000 0.000000 0.000000 0.079173 
 0.104250 0.000000 0.000000 0.000000 0.065501 
 0.104333 0.000000 0.000000 0.000000 0.077174 
 0.104417 0.000000 0.000000 0.000000 0.077174 
 0.104500 0.000000 0.000000 0.000000 0.079192 
 0.104583 0.000000 0.000000 0.000000 0.077133 
 0.104667 0.000000 0.000000 0.000000 0.077174 
 0.104750 0.000000 0.000000 0.000000 0.092821 
 0.104833 0.000000 0.000000 0.000000 0.065648 
 0.104917 0.000000 0.000000 0.000000 0.079228 
 0.105000 0.000000 0.000000 0.000000 0.079237 
 0.105083 0.000000 0.000000 0.000000 0.079237 
 0.105167 0.000000 0.000000 0.000000 0.077236 
 0.105250 0.000000 0.000000 0.000000 0.065673 
 0.105333 0.000000 0.000000 0.000000 0.052070 
 0.105417 0.000000 0.000000 0.000000 0.054082 
 0.105500 0.000000 0.000000 0.000000 0.056213 
 0.105583 0.000000 0.000000 0.000000 0.077356 
 0.105667 0.000000 0.000000 0.000000 0.079280 
 0.105750 0.000000 0.000000 0.000000 0.092767 
 0.105833 0.000000 0.000000 0.000000 0.067751 
 0.105917 0.000000 0.000000 0.000000 0.065819 
 0.106000 0.000000 0.000000 0.000000 0.067763 
 0.106083 0.000000 0.000000 0.000000 0.092752 
 0.106167 0.000000 0.000000 0.000000 0.081216 
 0.106250 0.000000 0.000000 0.000000 0.100455 
 0.106333 0.000000 0.000000 0.000000 0.171201 
 0.106417 0.000000 0.000000 0.000000 0.090847 
 0.106500 0.000000 0.000000 0.000000 0.090839 
 0.106583 0.000000 0.000000 0.000000 0.065890 
 0.106667 0.000000 0.000000 0.000000 0.069690 
 0.106750 0.000000 0.000000 0.000000 0.077494 
 0.106833 0.000000 0.000000 0.000000 0.066032 
 0.106917 0.000000 0.000000 0.000000 0.064203 
 0.107000 0.000000 0.000000 0.000000 0.050465 
 0.107083 0.000000 0.000000 0.000000 0.052387 
 0.107167 0.000000 0.000000 0.000000 0.079338 
 0.107250 0.000000 0.000000 0.000000 0.064097 
 0.107333 0.000000 0.000000 0.000000 0.056362 
 0.107417 0.000000 0.000000 0.000000 0.043032 
 0.107500 0.000000 0.000000 0.000000 0.054532 
 0.107583 0.000000 0.000000 0.000000 0.067862 
 0.107667 0.000000 0.000000 0.000000 0.092660 
 0.107750 0.000000 0.000000 0.000000 0.087307 
 0.107833 0.000000 0.000000 0.000000 0.102360 
 0.107917 0.000000 0.000000 0.000000 0.081181 
 0.108000 0.000000 0.000000 0.000000 0.081181 
 0.108083 0.000000 0.000000 0.000000 0.056411 
 0.108167 0.000000 0.000000 0.000000 0.066149 
 0.108250 0.000000 0.000000 0.000000 0.067922 
 0.108333 0.000000 0.000000 0.000000 0.056459 
 0.108417 0.000000 0.000000 0.000000 0.066173 
 0.108500 0.000000 0.000000 0.000000 0.077685 
 0.108583 0.000000 0.000000 0.000000 0.075947 
 0.108667 0.000000 0.000000 0.000000 0.079423 
 0.108750 0.000000 0.000000 0.000000 0.066219 
 0.108833 0.000000 0.000000 0.000000 0.067945 
 0.108917 0.000000 0.000000 0.000000 0.079415 
 0.109000 0.000000 0.000000 0.000000 0.064446 
 0.109083 0.000000 0.000000 0.000000 0.066195 
 0.109167 0.000000 0.000000 0.000000 0.076006 
 0.109250 0.000000 0.000000 0.000000 0.066265 
 0.109333 0.000000 0.000000 0.000000 0.067980 
 0.109417 0.000000 0.000000 0.000000 0.066265 
 0.109500 0.000000 0.000000 0.000000 0.092592 
 0.109583 0.000000 0.000000 0.000000 0.069695 
 0.109667 0.000000 0.000000 0.000000 0.069695 
 0.109750 0.000000 0.000000 0.000000 0.058251 
 0.109833 0.000000 0.000000 0.000000 0.033682 
 0.109917 0.000000 0.000000 0.000000 0.069695 
 0.110000 0.000000 0.000000 0.000000 0.082771 
 0.110083 0.000000 0.000000 0.000000 0.068048 
 0.110167 0.000000 0.000000 0.000000 0.107315 
 0.110250 0.000000 0.000000 0.000000 0.066379 
 0.110333 0.000000 0.000000 0.000000 0.066333 
 0.110417 0.000000 0.000000 0.000000 0.076097 
 0.110500 0.000000 0.000000 0.000000 0.063153 
 0.110583 0.000000 0.000000 0.000000 0.051727 
 0.110667 0.000000 0.000000 0.000000 0.064823 
 0.110750 0.000000 0.000000 0.000000 0.066447 
 0.110833 0.000000 0.000000 0.000000 0.040464 
 0.110917 0.000000 0.000000 0.000000 0.043665 
 0.111000 0.000000 0.000000 0.000000 0.058279 
 0.111083 0.000000 0.000000 0.000000 0.068091 
 0.111167 0.000000 0.000000 0.000000 0.068070 
 0.111250 0.000000 0.000000 0.000000 0.056648 
 0.111333 0.000000 0.000000 0.000000 0.046891 
 0.111417 0.000000 0.000000 0.000000 0.066558 
 0.111500 0.000000 0.000000 0.000000 0.069691 
 0.111583 0.000000 0.000000 0.000000 0.056709 
 0.111667 0.000000 0.000000 0.000000 0.032252 
 0.111750 0.000000 0.000000 0.000000 0.033853 
 0.111833 0.000000 0.000000 0.000000 0.058298 
 0.111917 0.000000 0.000000 0.000000 0.069688 
 0.112000 0.000000 0.000000 0.000000 0.090931 
 0.112083 0.000000 0.000000 0.000000 0.065160 
 0.112167 0.000000 0.000000 0.000000 0.055186 
 0.112250 0.000000 0.000000 0.000000 0.056740 
 0.112333 0.000000 0.000000 0.000000 0.045364 
 0.112417 0.000000 0.000000 0.000000 0.059841 
 0.112500 0.000000 0.000000 0.000000 0.058301 
 0.112583 0.000000 0.000000 0.000000 0.058301 
 0.112667 0.000000 0.000000 0.000000 0.058308 
 0.112750 0.000000 0.000000 0.000000 0.068177 
 0.112833 0.000000 0.000000 0.000000 0.084079 
 0.112917 0.000000 0.000000 0.000000 0.056800 
 0.113000 0.000000 0.000000 0.000000 0.058298 
 0.113083 0.000000 0.000000 0.000000 0.042278 
 0.113167 0.000000 0.000000 0.000000 0.055344 
 0.113250 0.000000 0.000000 0.000000 0.079565 
 0.113333 0.000000 0.000000 0.000000 0.056829 
 0.113417 0.000000 0.000000 0.000000 0.045461 
 0.113500 0.000000 0.000000 0.000000 0.058318 
 0.113583 0.000000 0.000000 0.000000 0.056845 
 0.113667 0.000000 0.000000 0.000000 0.043976 
 0.113750 0.000000 0.000000 0.000000 0.056829 
 0.113833 0.000000 0.000000 0.000000 0.058315 
 0.113917 0.000000 0.000000 0.000000 0.055344 
 0.114000 0.000000 0.000000 0.000000 0.056874 
 0.114083 0.000000 0.000000 0.000000 0.031264 
 0.114167 0.000000 0.000000 0.000000 0.045441 
 0.114250 0.000000 0.000000 0.000000 0.043944 
 0.114333 0.000000 0.000000 0.000000 0.058325 
 0.114417 0.000000 0.000000 0.000000 0.046970 
 0.114500 0.000000 0.000000 0.000000 0.044037 
 0.114583 0.000000 0.000000 0.000000 0.045500 
 0.114667 0.000000 0.000000 0.000000 0.034284 
 0.114750 0.000000 0.000000 0.000000 0.058340 
 0.114833 0.000000 0.000000 0.000000 0.069676 
 0.114917 0.000000 0.000000 0.000000 0.058331 
 0.115000 0.000000 0.000000 0.000000 0.069679 
 0.115083 0.000000 0.000000 0.000000 0.055423 
 0.115167 0.000000 0.000000 0.000000 0.059725 
 0.115250 0.000000 0.000000 0.000000 0.049781 
 0.115333 0.000000 0.000000 0.000000 0.047001 
 0.115417 0.000000 0.000000 0.000000 0.058337 
 0.115500 0.000000 0.000000 0.000000 0.059750 
 0.115583 0.000000 0.000000 0.000000 0.046994 
 0.115667 0.000000 0.000000 0.000000 0.022838 
 0.115750 0.000000 0.000000 0.000000 0.045538 
 0.115833 0.000000 0.000000 0.000000 0.058334 
 0.115917 0.000000 0.000000 0.000000 0.045578 
 0.116000 0.000000 0.000000 0.000000 0.055553 
 0.116083 0.000000 0.000000 0.000000 0.044222 
 0.116167 0.000000 0.000000 0.000000 0.056903 
 0.116250 0.000000 0.000000 0.000000 0.055474 
 0.116333 0.000000 0.000000 0.000000 0.042868 
 0.116417 0.000000 0.000000 0.000000 0.058343 
 0.116500 0.000000 0.000000 0.000000 0.049826 
 0.116583 0.000000 0.000000 0.000000 0.048410 
 0.116667 0.000000 0.000000 0.000000 0.047009 
 0.116750 0.000000 0.000000 0.000000 0.055553 
 0.116833 0.000000 0.000000 0.000000 0.066884 
 0.116917 0.000000 0.000000 0.000000 0.044222 
 0.117000 0.000000 0.000000 0.000000 0.034356 
 0.117083 0.000000 0.000000 0.000000 0.034356 
 0.117167 0.000000 0.000000 0.000000 0.045520 
 0.117250 0.000000 0.000000 0.000000 0.045520 
 0.117333 0.000000 0.000000 0.000000 0.034331 
 0.117417 0.000000 0.000000 0.000000 0.048394 
 0.117500 0.000000 0.000000 0.000000 0.045673 
 0.117583 0.000000 0.000000 0.000000 0.034356 
 0.117667 0.000000 0.000000 0.000000 0.058343 
 0.117750 0.000000 0.000000 0.000000 0.045633 
 0.117833 0.000000 0.000000 0.000000 0.047009 
 0.117917 0.000000 0.000000 0.000000 0.047009 
 0.118000 0.000000 0.000000 0.000000 0.061087 
 0.118083 0.000000 0.000000 0.000000 0.047024 
 0.118167 0.000000 0.000000 0.000000 0.047031 
 0.118250 0.000000 0.000000 0.000000 0.047031 
 0.118333 0.000000 0.000000 0.000000 0.045653 
 0.118417 0.000000 0.000000 0.000000 0.047024 
 0.118500 0.000000 0.000000 0.000000 0.023009 
 0.118583 0.000000 0.000000 0.000000 0.034331 
 0.118667 0.000000 0.000000 0.000000 0.045710 
 0.118750 0.000000 0.000000 0.000000 0.055682 
 0.118833 0.000000 0.000000 0.000000 0.041647 
 0.118917 0.000000 0.000000 0.000000 0.055655 
 0.119000 0.000000 0.000000 0.000000 0.056990 
 0.119083 0.000000 0.000000 0.000000 0.045673 
 0.119167 0.000000 0.000000 0.000000 0.035787 
 0.119250 0.000000 0.000000 0.000000 0.035787 
 0.119333 0.000000 0.000000 0.000000 0.047031 
 0.119417 0.000000 0.000000 0.000000 0.048390 
 0.119500 0.000000 0.000000 0.000000 0.038432 
 0.119583 0.000000 0.000000 0.000000 0.038432 
 0.119667 0.000000 0.000000 0.000000 0.028492 
 0.119750 0.000000 0.000000 0.000000 0.047024 
 0.119833 0.000000 0.000000 0.000000 0.047038 
 0.119917 0.000000 0.000000 0.000000 0.033030 
 0.120000 0.000000 0.000000 0.000000 0.058354 
 0.120083 0.000000 0.000000 0.000000 0.045710 
 0.120167 0.000000 0.000000 0.000000 0.058354 
 0.120250 0.000000 0.000000 0.000000 0.045710 
 0.120333 0.000000 0.000000 0.000000 0.045673 
 0.120417 0.000000 0.000000 0.000000 0.097734 
 0.120500 0.000000 0.000000 0.000000 0.045747 
 0.120583 0.000000 0.000000 0.000000 0.011852 
 0.120667 0.000000 0.000000 0.000000 0.047138 
 0.120750 0.000000 0.000000 0.000000 0.034706 
 0.120833 0.000000 0.000000 0.000000 0.047046 
 0.120917 0.000000 0.000000 0.000000 0.034402 
 0.121000 0.000000 0.000000 0.000000 0.035738 
 0.121083 0.000000 0.000000 0.000000 0.058354 
 0.121167 0.000000 0.000000 0.000000 0.045747 
 0.121250 0.000000 0.000000 0.000000 0.047060 
 0.121333 0.000000 0.000000 0.000000 0.047038 
 0.121417 0.000000 0.000000 0.000000 0.024413 
 0.121500 0.000000 0.000000 0.000000 0.034449 
 0.121583 0.000000 0.000000 0.000000 0.025777 
 0.121667 0.000000 0.000000 0.000000 0.037074 
 0.121750 0.000000 0.000000 0.000000 0.037074 
 0.121833 0.000000 0.000000 0.000000 0.024430 
 0.121917 0.000000 0.000000 0.000000 0.024430 
 0.122000 0.000000 0.000000 0.000000 0.059672 
 0.122083 0.000000 0.000000 0.000000 0.035762 
 0.122167 0.000000 0.000000 0.000000 0.048374 
 0.122250 0.000000 0.000000 0.000000 0.059672 
 0.122333 0.000000 0.000000 0.000000 0.058348 
 0.122417 0.000000 0.000000 0.000000 0.042955 
 0.122500 0.000000 0.000000 0.000000 0.041808 
 0.122583 0.000000 0.000000 0.000000 0.047060 
 0.122667 0.000000 0.000000 0.000000 0.122457 
 0.122750 0.000000 0.000000 0.000000 0.073486 
 0.122833 0.000000 0.000000 0.000000 0.034495 
 0.122917 0.000000 0.000000 0.000000 0.045784 
 0.123000 0.000000 0.000000 0.000000 0.035774 
 0.123083 0.000000 0.000000 0.000000 0.013187 
 0.123167 0.000000 0.000000 0.000000 0.023150 
 0.123250 0.000000 0.000000 0.000000 0.023150 
 0.123333 0.000000 0.000000 0.000000 0.009225 
 0.123417 0.000000 0.000000 0.000000 0.010539 
 0.123500 0.000000 0.000000 0.000000 0.019211 
 0.123583 0.000000 0.000000 0.000000 -0.002073 
 0.123667 0.000000 0.000000 0.000000 0.024430 
 0.123750 0.000000 0.000000 0.000000 0.047046 
 0.123833 0.000000 0.000000 0.000000 0.058359 
 0.123917 0.000000 0.000000 0.000000 0.058359 
 0.124000 0.000000 0.000000 0.000000 0.058366 
 0.124083 0.000000 0.000000 0.000000 0.035798 
 0.124167 0.000000 0.000000 0.000000 0.034402 
 0.124250 0.000000 0.000000 0.000000 0.047046 
 0.124333 0.000000 0.000000 0.000000 0.035762 
 0.124417 0.000000 0.000000 0.000000 0.048374 
 0.124500 0.000000 0.000000 0.000000 0.047067 
 0.124583 0.000000 0.000000 0.000000 0.047067 
 0.124667 0.000000 0.000000 0.000000 0.047068 
 0.124750 0.000000 0.000000 0.000000 0.034473 
 0.124833 0.000000 0.000000 0.000000 0.024463 
 0.124917 0.000000 0.000000 0.000000 0.024463 
 0.125000 0.000000 0.000000 0.000000 0.023206 
 0.125083 0.000000 0.000000 0.000000 0.023206 
 0.125167 0.000000 0.000000 0.000000 0.047075 
 0.125250 0.000000 0.000000 0.000000 0.035785 
 0.125333 0.000000 0.000000 0.000000 0.035798 
 0.125417 0.000000 0.000000 0.000000 0.024514 
 0.125500 0.000000 0.000000 0.000000 0.059663 
 0.125583 0.000000 0.000000 0.000000 0.069655 
 0.125667 0.000000 0.000000 0.000000 0.045767 
 0.125750 0.000000 0.000000 0.000000 0.033172 
 0.125833 0.000000 0.000000 0.000000 0.057018 
 0.125917 0.000000 0.000000 0.000000 0.045710 
 0.126000 0.000000 0.000000 0.000000 0.045804 
 0.126083 0.000000 0.000000 0.000000 0.058366 
 0.126167 0.000000 0.000000 0.000000 0.048360 
 0.126250 0.000000 0.000000 0.000000 0.037076 
 0.126333 0.000000 0.000000 0.000000 0.024564 
 0.126417 0.000000 0.000000 0.000000 0.024564 
 0.126500 0.000000 0.000000 0.000000 0.025787 
 0.126583 0.000000 0.000000 0.000000 0.035785 
 0.126667 0.000000 0.000000 0.000000 0.025782 
 0.126750 0.000000 0.000000 0.000000 0.024481 
 0.126833 0.000000 0.000000 0.000000 0.024481 
 0.126917 0.000000 0.000000 0.000000 0.023180 
 0.127000 0.000000 0.000000 0.000000 0.034520 
 0.127083 0.000000 0.000000 0.000000 0.031963 
 0.127167 0.000000 0.000000 0.000000 0.030799 
 0.127250 0.000000 0.000000 0.000000 0.034566 
 0.127333 0.000000 0.000000 0.000000 0.047096 
 0.127417 0.000000 0.000000 0.000000 0.034566 
 0.127500 0.000000 0.000000 0.000000 0.023180 
 0.127583 0.000000 0.000000 0.000000 0.045767 
 0.127667 0.000000 0.000000 0.000000 0.033136 
 0.127750 0.000000 0.000000 0.000000 0.034449 
 0.127833 0.000000 0.000000 0.000000 0.038377 
 0.127917 0.000000 0.000000 0.000000 0.049670 
 0.128000 0.000000 0.000000 0.000000 0.047075 
 0.128083 0.000000 0.000000 0.000000 0.047075 
 0.128167 0.000000 0.000000 0.000000 0.023180 
 0.128250 0.000000 0.000000 0.000000 0.024481 
 0.128333 0.000000 0.000000 0.000000 0.024514 
 0.128417 0.000000 0.000000 0.000000 0.037076 
 0.128500 0.000000 0.000000 0.000000 0.035773 
 0.128583 0.000000 0.000000 0.000000 0.057059 
 0.128667 0.000000 0.000000 0.000000 0.048374 
 0.128750 0.000000 0.000000 0.000000 0.043641 
 0.128833 0.000000 0.000000 0.000000 0.049639 
 0.128917 0.000000 0.000000 0.000000 0.037076 
 0.129000 0.000000 0.000000 0.000000 0.034520 
 0.129083 0.000000 0.000000 0.000000 0.033241 
 0.129167 0.000000 0.000000 0.000000 0.048360 
 0.129250 0.000000 0.000000 0.000000 0.044525 
 0.129333 0.000000 0.000000 0.000000 0.030746 
 0.129417 0.000000 0.000000 0.000000 0.043291 
 0.129500 0.000000 0.000000 0.000000 0.043038 
 0.129583 0.000000 0.000000 0.000000 0.055682 
 0.129667 0.000000 0.000000 0.000000 0.047068 
 0.129750 0.000000 0.000000 0.000000 0.023180 
 0.129833 0.000000 0.000000 0.000000 0.034495 
 0.129917 0.000000 0.000000 0.000000 0.024496 
 0.130000 0.000000 0.000000 0.000000 0.035821 
 0.130083 0.000000 0.000000 0.000000 0.013272 
 0.130167 0.000000 0.000000 0.000000 0.023235 
 0.130250 0.000000 0.000000 0.000000 0.034520 
 0.130333 0.000000 0.000000 0.000000 0.021879 
 0.130417 0.000000 0.000000 0.000000 0.034473 
 0.130500 0.000000 0.000000 0.000000 0.035834 
 0.130583 0.000000 0.000000 0.000000 0.024564 
 0.130667 0.000000 0.000000 0.000000 0.011951 
 0.130750 0.000000 0.000000 0.000000 0.047082 
 0.130833 0.000000 0.000000 0.000000 0.055759 
 0.130917 0.000000 0.000000 0.000000 0.044466 
 0.131000 0.000000 0.000000 0.000000 0.045787 
 0.131083 0.000000 0.000000 0.000000 0.045787 
 0.131167 0.000000 0.000000 0.000000 0.047068 
 0.131250 0.000000 0.000000 0.000000 0.047068 
 0.131333 0.000000 0.000000 0.000000 0.023291 
 0.131417 0.000000 0.000000 0.000000 0.033310 
 0.131500 0.000000 0.000000 0.000000 0.023405 
 0.131583 0.000000 0.000000 0.000000 0.034661 
 0.131667 0.000000 0.000000 0.000000 0.035809 
 0.131750 0.000000 0.000000 0.000000 0.037077 
 0.131833 0.000000 0.000000 0.000000 0.048352 
 0.131917 0.000000 0.000000 0.000000 0.024546 
 0.132000 0.000000 0.000000 0.000000 0.040911 
 0.132083 0.000000 0.000000 0.000000 0.047082 
 0.132167 0.000000 0.000000 0.000000 0.035798 
 0.132250 0.000000 0.000000 0.000000 0.035798 
 0.132333 0.000000 0.000000 0.000000 0.005560 
 0.132417 0.000000 0.000000 0.000000 0.047082 
 0.132500 0.000000 0.000000 0.000000 0.059617 
 0.132583 0.000000 0.000000 0.000000 0.045860 
 0.132667 0.000000 0.000000 0.000000 0.047096 
 0.132750 0.000000 0.000000 0.000000 0.048352 
 0.132833 0.000000 0.000000 0.000000 0.034520 
 0.132917 0.000000 0.000000 0.000000 0.024514 
 0.133000 0.000000 0.000000 0.000000 0.037077 
 0.133083 0.000000 0.000000 0.000000 0.024529 
 0.133167 0.000000 0.000000 0.000000 0.034590 
 0.133250 0.000000 0.000000 0.000000 0.009564 
 0.133333 0.000000 0.000000 0.000000 0.010760 
 0.133417 0.000000 0.000000 0.000000 0.022035 
 0.133500 0.000000 0.000000 0.000000 0.033415 
 0.133583 0.000000 0.000000 0.000000 0.054715 
 0.133667 0.000000 0.000000 0.000000 0.058366 
 0.133750 0.000000 0.000000 0.000000 0.047082 
 0.133833 0.000000 0.000000 0.000000 0.060841 
 0.133917 0.000000 0.000000 0.000000 0.048343 
 0.134000 0.000000 0.000000 0.000000 0.048352 
 0.134083 0.000000 0.000000 0.000000 0.049607 
 0.134167 0.000000 0.000000 0.000000 0.035834 
 0.134250 0.000000 0.000000 0.000000 0.024564 
 0.134333 0.000000 0.000000 0.000000 0.049607 
 0.134417 0.000000 0.000000 0.000000 0.034566 
 0.134500 0.000000 0.000000 0.000000 0.044557 
 0.134583 0.000000 0.000000 0.000000 0.035810 
 0.134667 0.000000 0.000000 0.000000 0.049607 
 0.134750 0.000000 0.000000 0.000000 0.035821 
 0.134833 0.000000 0.000000 0.000000 0.024498 
 0.134917 0.000000 0.000000 0.000000 0.023209 
 0.135000 0.000000 0.000000 0.000000 0.033273 
 0.135083 0.000000 0.000000 0.000000 0.033273 
 0.135167 0.000000 0.000000 0.000000 0.047089 
 0.135250 0.000000 0.000000 0.000000 0.058369 
 0.135333 0.000000 0.000000 0.000000 0.048347 
 0.135417 0.000000 0.000000 0.000000 0.037077 
 0.135500 0.000000 0.000000 0.000000 0.024546 
 0.135583 0.000000 0.000000 0.000000 0.012016 
 0.135667 0.000000 0.000000 0.000000 0.022035 
 0.135750 0.000000 0.000000 0.000000 0.035821 
 0.135833 0.000000 0.000000 0.000000 0.034615 
 0.135917 0.000000 0.000000 0.000000 0.018425 
 0.136000 0.000000 0.000000 0.000000 0.033310 
 0.136083 0.000000 0.000000 0.000000 0.045841 
 0.136167 0.000000 0.000000 0.000000 0.045841 
 0.136250 0.000000 0.000000 0.000000 0.048352 
 0.136333 0.000000 0.000000 0.000000 0.048352 
 0.136417 0.000000 0.000000 0.000000 0.048352 
 0.136500 0.000000 0.000000 0.000000 0.033484 
 0.136583 0.000000 0.000000 0.000000 0.034682 
 0.136667 0.000000 0.000000 0.000000 0.048360 
 0.136750 0.000000 0.000000 0.000000 0.037076 
 0.136833 0.000000 0.000000 0.000000 0.024596 
 0.136917 0.000000 0.000000 0.000000 0.037078 
 0.137000 0.000000 0.000000 0.000000 0.035857 
 0.137083 0.000000 0.000000 0.000000 0.048338 
 0.137167 0.000000 0.000000 0.000000 0.048338 
 0.137250 0.000000 0.000000 0.000000 0.057157 
 0.137333 0.000000 0.000000 0.000000 0.035857 
 0.137417 0.000000 0.000000 0.000000 0.023376 
 0.137500 0.000000 0.000000 0.000000 0.023376 
 0.137583 0.000000 0.000000 0.000000 0.035857 
 0.137667 0.000000 0.000000 0.000000 0.035869 
 0.137750 0.000000 0.000000 0.000000 0.034661 
 0.137833 0.000000 0.000000 0.000000 0.045897 
 0.137917 0.000000 0.000000 0.000000 0.035857 
 0.138000 0.000000 0.000000 0.000000 0.022113 
 0.138083 0.000000 0.000000 0.000000 0.023346 
 0.138167 0.000000 0.000000 0.000000 0.022233 
 0.138250 0.000000 0.000000 0.000000 0.033484 
 0.138333 0.000000 0.000000 0.000000 0.035821 
 0.138417 0.000000 0.000000 0.000000 0.034566 
 0.138500 0.000000 0.000000 0.000000 0.058384 
 0.138583 0.000000 0.000000 0.000000 0.057198 
 0.138667 0.000000 0.000000 0.000000 0.044766 
 0.138750 0.000000 0.000000 0.000000 0.045952 
 0.138833 0.000000 0.000000 0.000000 0.047117 
 0.138917 0.000000 0.000000 0.000000 0.048338 
 0.139000 0.000000 0.000000 0.000000 0.059580 
 0.139083 0.000000 0.000000 0.000000 0.059580 
 0.139167 0.000000 0.000000 0.000000 0.059598 
 0.139250 0.000000 0.000000 0.000000 0.037078 
 0.139333 0.000000 0.000000 0.000000 0.039564 
 0.139417 0.000000 0.000000 0.000000 0.025807 
 0.139500 0.000000 0.000000 0.000000 0.013420 
 0.139583 0.000000 0.000000 0.000000 0.035903 
 0.139667 0.000000 0.000000 0.000000 0.044676 
 0.139750 0.000000 0.000000 0.000000 0.033415 
 0.139833 0.000000 0.000000 0.000000 0.055910 
 0.139917 0.000000 0.000000 0.000000 0.057142 
 0.140000 0.000000 0.000000 0.000000 0.034682 
 0.140083 0.000000 0.000000 0.000000 0.045933 
 0.140167 0.000000 0.000000 0.000000 0.047117 
 0.140250 0.000000 0.000000 0.000000 0.047117 
 0.140333 0.000000 0.000000 0.000000 0.033520 
 0.140417 0.000000 0.000000 0.000000 0.047138 
 0.140500 0.000000 0.000000 0.000000 0.048338 
 0.140583 0.000000 0.000000 0.000000 0.048338 
 0.140667 0.000000 0.000000 0.000000 0.024679 
 0.140750 0.000000 0.000000 0.000000 0.034752 
 0.140833 0.000000 0.000000 0.000000 0.035855 
 0.140917 0.000000 0.000000 0.000000 0.037078 
 0.141000 0.000000 0.000000 0.000000 0.048329 
 0.141083 0.000000 0.000000 0.000000 0.047131 
 0.141167 0.000000 0.000000 0.000000 0.048320 
 0.141250 0.000000 0.000000 0.000000 0.047144 
 0.141333 0.000000 0.000000 0.000000 0.059588 
 0.141417 0.000000 0.000000 0.000000 0.047125 
 0.141500 0.000000 0.000000 0.000000 0.059580 
 0.141583 0.000000 0.000000 0.000000 0.035880 
 0.141667 0.000000 0.000000 0.000000 0.034682 
 0.141750 0.000000 0.000000 0.000000 0.044735 
 0.141833 0.000000 0.000000 0.000000 0.046024 
 0.141917 0.000000 0.000000 0.000000 0.034797 
 0.142000 0.000000 0.000000 0.000000 0.049510 
 0.142083 0.000000 0.000000 0.000000 0.047138 
 0.142167 0.000000 0.000000 0.000000 0.035892 
 0.142250 0.000000 0.000000 0.000000 0.011029 
 0.142333 0.000000 0.000000 0.000000 0.000889 
 0.142417 0.000000 0.000000 0.000000 0.024612 
 0.142500 0.000000 0.000000 0.000000 0.037078 
 0.142583 0.000000 0.000000 0.000000 0.035903 
 0.142667 0.000000 0.000000 0.000000 0.045988 
 0.142750 0.000000 0.000000 0.000000 0.071950 
 0.142833 0.000000 0.000000 0.000000 0.063040 
 0.142917 0.000000 0.000000 0.000000 0.050641 
 0.143000 0.000000 0.000000 0.000000 0.059561 
 0.143083 0.000000 0.000000 0.000000 0.048320 
 0.143167 0.000000 0.000000 0.000000 0.044825 
 0.143250 0.000000 0.000000 0.000000 0.035915 
 0.143333 0.000000 0.000000 0.000000 0.033520 
 0.143417 0.000000 0.000000 0.000000 0.034706 
 0.143500 0.000000 0.000000 0.000000 0.047157 
 0.143583 0.000000 0.000000 0.000000 0.056084 
 0.143667 0.000000 0.000000 0.000000 0.045988 
 0.143750 0.000000 0.000000 0.000000 0.033589 
 0.143833 0.000000 0.000000 0.000000 0.023431 
 0.143917 0.000000 0.000000 0.000000 0.010982 
 0.144000 0.000000 0.000000 0.000000 0.034752 
 0.144083 0.000000 0.000000 0.000000 0.033589 
 0.144167 0.000000 0.000000 0.000000 0.047151 
 0.144250 0.000000 0.000000 0.000000 0.034752 
 0.144333 0.000000 0.000000 0.000000 0.035927 
 0.144417 0.000000 0.000000 0.000000 0.037078 
 0.144500 0.000000 0.000000 0.000000 0.037078 
 0.144583 0.000000 0.000000 0.000000 0.047151 
 0.144667 0.000000 0.000000 0.000000 0.058388 
 0.144750 0.000000 0.000000 0.000000 0.059551 
 0.144833 0.000000 0.000000 0.000000 0.033625 
 0.144917 0.000000 0.000000 0.000000 0.021243 
 0.145000 0.000000 0.000000 0.000000 0.024646 
 0.145083 0.000000 0.000000 0.000000 0.048324 
 0.145167 0.000000 0.000000 0.000000 0.050641 
 0.145250 0.000000 0.000000 0.000000 0.071950 
 0.145333 0.000000 0.000000 0.000000 0.046043 
 0.145417 0.000000 0.000000 0.000000 0.047171 
 0.145500 0.000000 0.000000 0.000000 0.044856 
 0.145583 0.000000 0.000000 0.000000 0.032474 
 0.145667 0.000000 0.000000 0.000000 0.022394 
 0.145750 0.000000 0.000000 0.000000 0.033625 
 0.145833 0.000000 0.000000 0.000000 0.044946 
 0.145917 0.000000 0.000000 0.000000 0.021397 
 0.146000 0.000000 0.000000 0.000000 0.024661 
 0.146083 0.000000 0.000000 0.000000 0.024661 
 0.146167 0.000000 0.000000 0.000000 0.023570 
 0.146250 0.000000 0.000000 0.000000 0.047164 
 0.146333 0.000000 0.000000 0.000000 0.048300 
 0.146417 0.000000 0.000000 0.000000 0.038206 
 0.146500 0.000000 0.000000 0.000000 0.050641 
 0.146583 0.000000 0.000000 0.000000 0.038241 
 0.146667 0.000000 0.000000 0.000000 0.049395 
 0.146750 0.000000 0.000000 0.000000 0.046079 
 0.146833 0.000000 0.000000 0.000000 0.047151 
 0.146917 0.000000 0.000000 0.000000 0.047151 
 0.147000 0.000000 0.000000 0.000000 0.037078 
 0.147083 0.000000 0.000000 0.000000 0.060650 
 0.147167 0.000000 0.000000 0.000000 0.047171 
 0.147250 0.000000 0.000000 0.000000 0.022472 
 0.147333 0.000000 0.000000 0.000000 0.045988 
 0.147417 0.000000 0.000000 0.000000 0.022352 
 0.147500 0.000000 0.000000 0.000000 0.010012 
 0.147583 0.000000 0.000000 0.000000 0.021243 
 0.147667 0.000000 0.000000 0.000000 0.033693 
 0.147750 0.000000 0.000000 0.000000 0.033693 
 0.147833 0.000000 0.000000 0.000000 0.035938 
 0.147917 0.000000 0.000000 0.000000 0.046024 
 0.148000 0.000000 0.000000 0.000000 0.046007 
 0.148083 0.000000 0.000000 0.000000 0.047158 
 0.148167 0.000000 0.000000 0.000000 0.047164 
 0.148250 0.000000 0.000000 0.000000 0.047164 
 0.148333 0.000000 0.000000 0.000000 0.047171 
 0.148417 0.000000 0.000000 0.000000 0.048300 
 0.148500 0.000000 0.000000 0.000000 0.038196 
 0.148583 0.000000 0.000000 0.000000 0.025861 
 0.148667 0.000000 0.000000 0.000000 0.038196 
 0.148750 0.000000 0.000000 0.000000 0.047177 
 0.148833 0.000000 0.000000 0.000000 0.022591 
 0.148917 0.000000 0.000000 0.000000 0.047191 
 0.149000 0.000000 0.000000 0.000000 0.058380 
 0.149083 0.000000 0.000000 0.000000 0.047125 
 0.149167 0.000000 0.000000 0.000000 0.035938 
 0.149250 0.000000 0.000000 0.000000 0.024711 
 0.149333 0.000000 0.000000 0.000000 0.024760 
 0.149417 0.000000 0.000000 0.000000 0.034867 
 0.149500 0.000000 0.000000 0.000000 0.034867 
 0.149583 0.000000 0.000000 0.000000 0.047184 
 0.149667 0.000000 0.000000 0.000000 0.047184 
 0.149750 0.000000 0.000000 0.000000 0.034867 
 0.149833 0.000000 0.000000 0.000000 0.011290 
 0.149917 0.000000 0.000000 0.000000 0.011290 
 0.150000 0.000000 0.000000 0.000000 0.033761 
 0.150083 0.000000 0.000000 0.000000 0.022549 
 0.150167 0.000000 0.000000 0.000000 0.034867 
 0.150250 0.000000 0.000000 0.000000 0.046079 
 0.150333 0.000000 0.000000 0.000000 0.044973 
 0.150417 0.000000 0.000000 0.000000 0.046079 
 0.150500 0.000000 0.000000 0.000000 0.046079 
 0.150583 0.000000 0.000000 0.000000 0.046079 
 0.150667 0.000000 0.000000 0.000000 0.046060 
 0.150750 0.000000 0.000000 0.000000 0.046060 
 0.150833 0.000000 0.000000 0.000000 0.023684 
 0.150917 0.000000 0.000000 0.000000 0.023684 
 0.151000 0.000000 0.000000 0.000000 0.025876 
 0.151083 0.000000 0.000000 0.000000 0.035996 
 0.151167 0.000000 0.000000 0.000000 0.022472 
 0.151250 0.000000 0.000000 0.000000 0.035950 
 0.151333 0.000000 0.000000 0.000000 0.037078 
 0.151417 0.000000 0.000000 0.000000 0.037078 
 0.151500 0.000000 0.000000 0.000000 0.034915 
 0.151583 0.000000 0.000000 0.000000 0.035996 
 0.151667 0.000000 0.000000 0.000000 0.048274 
 0.151750 0.000000 0.000000 0.000000 0.037077 
 0.151833 0.000000 0.000000 0.000000 0.039089 
 0.151917 0.000000 0.000000 0.000000 0.046005 
 0.152000 0.000000 0.000000 0.000000 0.034822 
 0.152083 0.000000 0.000000 0.000000 0.033693 
 0.152167 0.000000 0.000000 0.000000 0.046098 
 0.152250 0.000000 0.000000 0.000000 0.058398 
 0.152333 0.000000 0.000000 0.000000 0.034867 
 0.152417 0.000000 0.000000 0.000000 0.024760 
 0.152500 0.000000 0.000000 0.000000 0.037078 
 0.152583 0.000000 0.000000 0.000000 0.012413 
 0.152667 0.000000 0.000000 0.000000 0.038183 
 0.152750 0.000000 0.000000 0.000000 0.035972 
 0.152833 0.000000 0.000000 0.000000 0.034891 
 0.152917 0.000000 0.000000 0.000000 0.034891 
 0.153000 0.000000 0.000000 0.000000 0.046168 
 0.153083 0.000000 0.000000 0.000000 0.024841 
 0.153167 0.000000 0.000000 0.000000 0.023625 
 0.153250 0.000000 0.000000 0.000000 0.034843 
 0.153333 0.000000 0.000000 0.000000 0.047184 
 0.153417 0.000000 0.000000 0.000000 0.048290 
 0.153500 0.000000 0.000000 0.000000 0.048295 
 0.153583 0.000000 0.000000 0.000000 0.060630 
 0.153667 0.000000 0.000000 0.000000 0.035995 
 0.153750 0.000000 0.000000 0.000000 0.048280 
 0.153833 0.000000 0.000000 0.000000 0.049345 
 0.153917 0.000000 0.000000 0.000000 0.036007 
 0.154000 0.000000 0.000000 0.000000 0.036007 
 0.154083 0.000000 0.000000 0.000000 0.036007 
 0.154167 0.000000 0.000000 0.000000 0.023625 
 0.154250 0.000000 0.000000 0.000000 0.033725 
 0.154333 0.000000 0.000000 0.000000 0.047191 
 0.154417 0.000000 0.000000 0.000000 0.034891 
 0.154500 0.000000 0.000000 0.000000 0.047184 
 0.154583 0.000000 0.000000 0.000000 0.034867 
 0.154667 0.000000 0.000000 0.000000 0.048285 
 0.154750 0.000000 0.000000 0.000000 0.034891 
 0.154833 0.000000 0.000000 0.000000 0.046187 
 0.154917 0.000000 0.000000 0.000000 0.025894 
 0.155000 0.000000 0.000000 0.000000 0.050416 
 0.155083 0.000000 0.000000 0.000000 0.037077 
 0.155167 0.000000 0.000000 0.000000 0.047184 
 0.155250 0.000000 0.000000 0.000000 0.058396 
 0.155333 0.000000 0.000000 0.000000 0.034936 
 0.155417 0.000000 0.000000 0.000000 0.030654 
 0.155500 0.000000 0.000000 0.000000 0.033866 
 0.155583 0.000000 0.000000 0.000000 0.033866 
 0.155667 0.000000 0.000000 0.000000 0.022627 
 0.155750 0.000000 0.000000 0.000000 0.034912 
 0.155833 0.000000 0.000000 0.000000 0.071739 
 0.155917 0.000000 0.000000 0.000000 0.037077 
 0.156000 0.000000 0.000000 0.000000 0.024841 
 0.156083 0.000000 0.000000 0.000000 0.036029 
 0.156167 0.000000 0.000000 0.000000 0.034936 
 0.156250 0.000000 0.000000 0.000000 0.038148 
 0.156333 0.000000 0.000000 0.000000 0.013590 
 0.156417 0.000000 0.000000 0.000000 0.023709 
 0.156500 0.000000 0.000000 0.000000 0.024810 
 0.156583 0.000000 0.000000 0.000000 0.037077 
 0.156667 0.000000 0.000000 0.000000 0.047191 
 0.156750 0.000000 0.000000 0.000000 0.024778 
 0.156833 0.000000 0.000000 0.000000 0.059472 
 0.156917 0.000000 0.000000 0.000000 0.045063 
 0.157000 0.000000 0.000000 0.000000 0.034867 
 0.157083 0.000000 0.000000 0.000000 0.047184 
 0.157167 0.000000 0.000000 0.000000 0.033829 
 0.157250 0.000000 0.000000 0.000000 0.037078 
 0.157333 0.000000 0.000000 0.000000 0.034912 
 0.157417 0.000000 0.000000 0.000000 0.023709 
 0.157500 0.000000 0.000000 0.000000 0.033933 
 0.157583 0.000000 0.000000 0.000000 0.033933 
 0.157667 0.000000 0.000000 0.000000 0.036029 
 0.157750 0.000000 0.000000 0.000000 0.036029 
 0.157833 0.000000 0.000000 0.000000 0.049345 
 0.157917 0.000000 0.000000 0.000000 0.036007 
 0.158000 0.000000 0.000000 0.000000 0.038148 
 0.158083 0.000000 0.000000 0.000000 0.036007 
 0.158167 0.000000 0.000000 0.000000 0.024841 
 0.158250 0.000000 0.000000 0.000000 0.024841 
 0.158333 0.000000 0.000000 0.000000 0.024859 
 0.158417 0.000000 0.000000 0.000000 0.037076 
 0.158500 0.000000 0.000000 0.000000 0.037078 
 0.158583 0.000000 0.000000 0.000000 0.047197 
 0.158667 0.000000 0.000000 0.000000 0.048274 
 0.158750 0.000000 0.000000 0.000000 0.047204 
 0.158833 0.000000 0.000000 0.000000 0.036029 
 0.158917 0.000000 0.000000 0.000000 0.037077 
 0.159000 0.000000 0.000000 0.000000 0.034957 
 0.159083 0.000000 0.000000 0.000000 0.048270 
 0.159167 0.000000 0.000000 0.000000 0.059452 
 0.159250 0.000000 0.000000 0.000000 0.036029 
 0.159333 0.000000 0.000000 0.000000 0.024841 
 0.159417 0.000000 0.000000 0.000000 0.058404 
 0.159500 0.000000 0.000000 0.000000 0.034981 
 0.159583 0.000000 0.000000 0.000000 -0.001725 
 0.159667 0.000000 0.000000 0.000000 0.035026 
 0.159750 0.000000 0.000000 0.000000 0.035026 
 0.159833 0.000000 0.000000 0.000000 0.036007 
 0.159917 0.000000 0.000000 0.000000 0.023739 
 0.160000 0.000000 0.000000 0.000000 0.047241 
 0.160083 0.000000 0.000000 0.000000 0.048243 
 0.160167 0.000000 0.000000 0.000000 0.038112 
 0.160250 0.000000 0.000000 0.000000 0.025894 
 0.160333 0.000000 0.000000 0.000000 0.024760 
 0.160417 0.000000 0.000000 0.000000 0.058396 
 0.160500 0.000000 0.000000 0.000000 0.058408 
 0.160583 0.000000 0.000000 0.000000 0.035050 
 0.160667 0.000000 0.000000 0.000000 0.037077 
 0.160750 0.000000 0.000000 0.000000 0.034936 
 0.160833 0.000000 0.000000 0.000000 0.033970 
 0.160917 0.000000 0.000000 0.000000 0.035005 
 0.161000 0.000000 0.000000 0.000000 0.048264 
 0.161083 0.000000 0.000000 0.000000 0.023793 
 0.161167 0.000000 0.000000 0.000000 0.038125 
 0.161250 0.000000 0.000000 0.000000 0.024841 
 0.161333 0.000000 0.000000 0.000000 0.024792 
 0.161417 0.000000 0.000000 0.000000 0.037078 
 0.161500 0.000000 0.000000 0.000000 0.036029 
 0.161583 0.000000 0.000000 0.000000 0.036029 
 0.161667 0.000000 0.000000 0.000000 0.034981 
 0.161750 0.000000 0.000000 0.000000 0.047216 
 0.161833 0.000000 0.000000 0.000000 0.048264 
 0.161917 0.000000 0.000000 0.000000 0.037077 
 0.162000 0.000000 0.000000 0.000000 0.047216 
 0.162083 0.000000 0.000000 0.000000 0.036029 
 0.162167 0.000000 0.000000 0.000000 0.037077 
 0.162250 0.000000 0.000000 0.000000 0.036029 
 0.162333 0.000000 0.000000 0.000000 0.036019 
 0.162417 0.000000 0.000000 0.000000 0.036019 
 0.162500 0.000000 0.000000 0.000000 0.035005 
 0.162583 0.000000 0.000000 0.000000 0.049294 
 0.162667 0.000000 0.000000 0.000000 0.047210 
 0.162750 0.000000 0.000000 0.000000 0.037077 
 0.162833 0.000000 0.000000 0.000000 0.024841 
 0.162917 0.000000 0.000000 0.000000 0.014702 
 0.163000 0.000000 0.000000 0.000000 0.062595 
 0.163083 0.000000 0.000000 0.000000 0.046168 
 0.163167 0.000000 0.000000 0.000000 0.047235 
 0.163250 0.000000 0.000000 0.000000 0.034037 
 0.163333 0.000000 0.000000 0.000000 0.034000 
 0.163417 0.000000 0.000000 0.000000 0.022823 
 0.163500 0.000000 0.000000 0.000000 0.037077 
 0.163583 0.000000 0.000000 0.000000 0.073783 
 0.163667 0.000000 0.000000 0.000000 0.034981 
 0.163750 0.000000 0.000000 0.000000 0.034981 
 0.163833 0.000000 0.000000 0.000000 0.022668 
 0.163917 0.000000 0.000000 0.000000 0.021598 
 0.164000 0.000000 0.000000 0.000000 0.032795 
 0.164083 0.000000 0.000000 0.000000 0.034936 
 0.164167 0.000000 0.000000 0.000000 0.037078 
 0.164250 0.000000 0.000000 0.000000 0.024792 
 0.164333 0.000000 0.000000 0.000000 0.015751 
 0.164417 0.000000 0.000000 0.000000 0.038135 
 0.164500 0.000000 0.000000 0.000000 0.058406 
 0.164583 0.000000 0.000000 0.000000 0.059432 
 0.164667 0.000000 0.000000 0.000000 0.047241 
 0.164750 0.000000 0.000000 0.000000 0.047241 
 0.164833 0.000000 0.000000 0.000000 0.036029 
 0.164917 0.000000 0.000000 0.000000 0.023793 
 0.165000 0.000000 0.000000 0.000000 0.021598 
 0.165083 0.000000 0.000000 0.000000 0.021598 
 0.165167 0.000000 0.000000 0.000000 0.023877 
 0.165250 0.000000 0.000000 0.000000 0.023877 
 0.165333 0.000000 0.000000 0.000000 0.024890 
 0.165417 0.000000 0.000000 0.000000 0.012705 
 0.165500 0.000000 0.000000 0.000000 0.023764 
 0.165583 0.000000 0.000000 0.000000 0.023764 
 0.165667 0.000000 0.000000 0.000000 0.036029 
 0.165750 0.000000 0.000000 0.000000 0.037077 
 0.165833 0.000000 0.000000 0.000000 0.038148 
 0.165917 0.000000 0.000000 0.000000 0.060542 
 0.166000 0.000000 0.000000 0.000000 0.050188 
 0.166083 0.000000 0.000000 0.000000 0.026895 
 0.166167 0.000000 0.000000 0.000000 0.043025 
 0.166250 0.000000 0.000000 0.000000 0.023793 
 0.166333 0.000000 0.000000 0.000000 0.023793 
 0.166417 0.000000 0.000000 0.000000 0.036029 
 0.166500 0.000000 0.000000 0.000000 0.036017 
 0.166583 0.000000 0.000000 0.000000 0.048270 