0.000000 0.000000 0.000000 0.000000 0.005454 
 0.000083 2.000000 2.000000 2.000000 0.005454 
 0.000167 2.000000 2.000000 2.000000 0.001400 
 0.000250 2.000000 2.000000 2.000000 0.066050 
 0.000333 2.000000 2.000000 2.000000 0.227570 
 0.000417 2.000000 2.000000 2.000000 0.473917 
 0.000500 2.000000 2.000000 2.000000 0.756622 
 0.000583 2.000000 2.000000 2.000000 1.043366 
 0.000667 2.000000 2.000000 2.000000 1.330110 
 0.000750 2.000000 2.000000 2.000000 1.616854 
 0.000833 2.000000 2.000000 2.000000 1.855136 
 0.000917 2.000000 2.000000 2.000000 2.069195 
 0.001000 2.000000 2.000000 2.000000 2.234520 
 0.001083 2.000000 2.000000 2.000000 2.335382 
 0.001167 2.000000 2.000000 2.000000 2.408587 
 0.001250 2.000000 2.000000 2.000000 2.453013 
 0.001333 2.000000 2.000000 2.000000 2.456488 
 0.001417 2.000000 2.000000 2.000000 2.428313 
 0.001500 2.000000 2.000000 2.000000 2.387623 
 0.001583 2.000000 2.000000 2.000000 2.335291 
 0.001667 2.000000 2.000000 2.000000 2.267008 
 0.001750 2.000000 2.000000 2.000000 2.202524 
 0.001833 2.000000 2.000000 2.000000 2.129646 
 0.001917 2.000000 2.000000 2.000000 2.069157 
 0.002000 2.000000 2.000000 2.000000 2.008664 
 0.002083 2.000000 2.000000 2.000000 1.964218 
 0.002167 2.000000 2.000000 2.000000 1.936081 
 0.002250 2.000000 2.000000 2.000000 1.919734 
 0.002333 2.000000 2.000000 2.000000 1.911897 
 0.002417 2.000000 2.000000 2.000000 1.907588 
 0.002500 2.000000 2.000000 2.000000 1.903631 
 0.002583 2.000000 2.000000 2.000000 1.907469 
 0.002667 2.000000 2.000000 2.000000 1.920677 
 0.002750 2.000000 2.000000 2.000000 1.923371 
 0.002833 2.000000 2.000000 2.000000 1.935341 
 0.002917 2.000000 2.000000 2.000000 1.951859 
 0.003000 2.000000 2.000000 2.000000 1.955647 
 0.003083 2.000000 2.000000 2.000000 1.967716 
 0.003167 2.000000 2.000000 2.000000 1.987854 
 0.003250 2.000000 2.000000 2.000000 1.995366 
 0.003333 2.000000 2.000000 2.000000 1.996053 
 0.003417 2.000000 2.000000 2.000000 1.984001 
 0.003500 2.000000 2.000000 2.000000 1.995929 
 0.003583 2.000000 2.000000 2.000000 2.012621 
 0.003667 2.000000 2.000000 2.000000 1.995683 
 0.003750 2.000000 2.000000 2.000000 1.983649 
 0.003833 2.000000 2.000000 2.000000 1.984677 
 0.003917 2.000000 2.000000 2.000000 1.993084 
 0.004000 2.000000 2.000000 2.000000 1.985845 
 0.004083 2.000000 2.000000 2.000000 1.984603 
 0.004167 2.000000 2.000000 2.000000 1.985845 
 0.004250 2.000000 2.000000 2.000000 1.985845 
 0.004333 2.000000 2.000000 2.000000 1.977346 
 0.004417 2.000000 2.000000 2.000000 1.978740 
 0.004500 2.000000 2.000000 2.000000 1.973806 
 0.004583 2.000000 2.000000 2.000000 1.973806 
 0.004667 2.000000 2.000000 2.000000 1.978777 
 0.004750 2.000000 2.000000 2.000000 1.978777 
 0.004833 2.000000 2.000000 2.000000 1.975343 
 0.004917 2.000000 2.000000 2.000000 1.975343 
 0.005000 2.000000 2.000000 2.000000 1.970179 
 0.005083 2.000000 2.000000 2.000000 1.961605 
 0.005167 2.000000 2.000000 2.000000 1.970129 
 0.005250 2.000000 2.000000 2.000000 1.970129 
 0.005333 2.000000 2.000000 2.000000 1.978680 
 0.005417 2.000000 2.000000 2.000000 1.973406 
 0.005500 2.000000 2.000000 2.000000 1.981855 
 0.005583 2.000000 2.000000 2.000000 1.990513 
 0.005667 2.000000 2.000000 2.000000 1.995882 
 0.005750 2.000000 2.000000 2.000000 1.992594 
 0.005833 2.000000 2.000000 2.000000 1.980642 
 0.005917 2.000000 2.000000 2.000000 1.989339 
 0.006000 2.000000 2.000000 2.000000 1.989342 
 0.006083 2.000000 2.000000 2.000000 1.992548 
 0.006167 2.000000 2.000000 2.000000 1.989313 
 0.006250 2.000000 2.000000 2.000000 1.977402 
 0.006333 2.000000 2.000000 2.000000 1.980497 
 0.006417 2.000000 2.000000 2.000000 1.983037 
 0.006500 2.000000 2.000000 2.000000 1.974255 
 0.006583 2.000000 2.000000 2.000000 1.974255 
 0.006667 2.000000 2.000000 2.000000 1.974201 
 0.006750 2.000000 2.000000 2.000000 1.974201 
 0.006833 2.000000 2.000000 2.000000 1.983026 
 0.006917 2.000000 2.000000 2.000000 1.983026 
 0.007000 2.000000 2.000000 2.000000 1.988959 
 0.007083 2.000000 2.000000 2.000000 1.994859 
 0.007167 2.000000 2.000000 2.000000 1.997678 
 0.007250 2.000000 2.000000 2.000000 2.009669 
 0.007333 2.000000 2.000000 2.000000 2.000729 
 0.007417 2.000000 2.000000 2.000000 2.003632 
 0.007500 2.000000 2.000000 2.000000 2.009656 
 0.007583 2.000000 2.000000 2.000000 2.009656 
 0.007667 2.000000 2.000000 2.000000 2.003942 
 0.007750 2.000000 2.000000 2.000000 1.985979 
 0.007833 2.000000 2.000000 2.000000 1.992144 
 0.007917 2.000000 2.000000 2.000000 2.001143 
 0.008000 2.000000 2.000000 2.000000 1.997742 
 0.008083 2.000000 2.000000 2.000000 2.000532 
 0.008167 2.000000 2.000000 2.000000 1.994934 
 0.008250 2.000000 2.000000 2.000000 1.983132 
 0.008333 2.000000 2.000000 2.000000 1.976703 
 0.008417 2.000000 2.000000 2.000000 1.989448 
 0.008500 2.000000 2.000000 2.000000 2.001211 
 0.008583 2.000000 2.000000 2.000000 2.005028 
 0.008667 2.000000 2.000000 2.000000 1.998561 
 0.008750 2.000000 2.000000 2.000000 2.005032 
 0.008833 2.000000 2.000000 2.000000 2.007709 
 0.008917 2.000000 2.000000 2.000000 2.007709 
 0.009000 2.000000 2.000000 2.000000 1.995966 
 0.009083 2.000000 2.000000 2.000000 1.993400 
 0.009167 2.000000 2.000000 2.000000 1.990886 
 0.009250 2.000000 2.000000 2.000000 2.009275 
 0.009333 2.000000 2.000000 2.000000 2.021080 
 0.009417 2.000000 2.000000 2.000000 2.005162 
 0.009500 2.000000 2.000000 2.000000 2.002674 
 0.009583 2.000000 2.000000 2.000000 2.002674 
 0.009667 2.000000 2.000000 2.000000 2.002686 
 0.009750 2.000000 2.000000 2.000000 1.996451 
 0.009833 2.000000 2.000000 2.000000 2.005112 
 0.009917 2.000000 2.000000 2.000000 1.995841 
 0.010000 2.000000 2.000000 2.000000 2.002676 
 0.010083 2.000000 2.000000 2.000000 2.011966 
 0.010167 2.000000 2.000000 2.000000 2.009609 
 0.010250 2.000000 2.000000 2.000000 2.004926 
 0.010333 2.000000 2.000000 2.000000 2.000266 
 0.010417 2.000000 2.000000 2.000000 2.009613 
 0.010500 2.000000 2.000000 2.000000 2.009613 
 0.010583 2.000000 2.000000 2.000000 2.007298 
 0.010667 2.000000 2.000000 2.000000 2.005100 
 0.010750 2.000000 2.000000 2.000000 2.002870 
 0.010833 2.000000 2.000000 2.000000 2.005074 
 0.010917 2.000000 2.000000 2.000000 2.028714 
 0.011000 2.000000 2.000000 2.000000 2.005102 
 0.011083 2.000000 2.000000 2.000000 1.993470 
 0.011167 2.000000 2.000000 2.000000 2.012438 
 0.011250 2.000000 2.000000 2.000000 2.005117 
 0.011333 2.000000 2.000000 2.000000 1.991370 
 0.011417 2.000000 2.000000 2.000000 1.995661 
 0.011500 2.000000 2.000000 2.000000 2.016694 
 0.011583 2.000000 2.000000 2.000000 1.999851 
 0.011667 2.000000 2.000000 2.000000 2.005075 
 0.011750 2.000000 2.000000 2.000000 2.002988 
 0.011833 2.000000 2.000000 2.000000 1.991405 
 0.011917 2.000000 2.000000 2.000000 1.989346 
 0.012000 2.000000 2.000000 2.000000 2.000923 
 0.012083 2.000000 2.000000 2.000000 2.010476 
 0.012167 2.000000 2.000000 2.000000 2.018075 
 0.012250 2.000000 2.000000 2.000000 2.010479 
 0.012333 2.000000 2.000000 2.000000 2.010479 
 0.012417 2.000000 2.000000 2.000000 2.018075 
 0.012500 2.000000 2.000000 2.000000 2.016229 
 0.012583 2.000000 2.000000 2.000000 2.018144 
 0.012667 2.000000 2.000000 2.000000 2.021997 
 0.012750 2.000000 2.000000 2.000000 2.004703 
 0.012833 2.000000 2.000000 2.000000 2.016307 
 0.012917 2.000000 2.000000 2.000000 2.008526 
 0.013000 2.000000 2.000000 2.000000 2.006664 
 0.013083 2.000000 2.000000 2.000000 2.008526 
 0.013167 2.000000 2.000000 2.000000 1.998792 
 0.013250 2.000000 2.000000 2.000000 1.989114 
 0.013333 2.000000 2.000000 2.000000 2.004863 
 0.013417 2.000000 2.000000 2.000000 1.987310 
 0.013500 2.000000 2.000000 2.000000 2.003130 
 0.013583 2.000000 2.000000 2.000000 1.981955 
 0.013667 2.000000 2.000000 2.000000 2.003149 
 0.013750 2.000000 2.000000 2.000000 2.022613 
 0.013833 2.000000 2.000000 2.000000 2.014599 
 0.013917 2.000000 2.000000 2.000000 2.008301 
 0.014000 2.000000 2.000000 2.000000 2.012922 
 0.014083 2.000000 2.000000 2.000000 2.012922 
 0.014167 2.000000 2.000000 2.000000 2.017700 
 0.014250 2.000000 2.000000 2.000000 2.001492 
 0.014333 2.000000 2.000000 2.000000 2.003118 
 0.014417 2.000000 2.000000 2.000000 2.003118 
 0.014500 2.000000 2.000000 2.000000 2.001512 
 0.014583 2.000000 2.000000 2.000000 2.003115 
 0.014667 2.000000 2.000000 2.000000 2.001505 
 0.014750 2.000000 2.000000 2.000000 2.003083 
 0.014833 2.000000 2.000000 2.000000 2.001486 
 0.014917 2.000000 2.000000 2.000000 1.999940 
 0.015000 2.000000 2.000000 2.000000 1.998421 
 0.015083 2.000000 2.000000 2.000000 1.996903 
 0.015167 2.000000 2.000000 2.000000 2.016689 
 0.015250 2.000000 2.000000 2.000000 2.008308 
 0.015333 2.000000 2.000000 2.000000 2.011257 
 0.015417 2.000000 2.000000 2.000000 2.009795 
 0.015500 2.000000 2.000000 2.000000 2.002735 
 0.015583 2.000000 2.000000 2.000000 2.009778 
 0.015667 2.000000 2.000000 2.000000 2.008348 
 0.015750 2.000000 2.000000 2.000000 2.006942 
 0.015833 2.000000 2.000000 2.000000 2.016867 
 0.015917 2.000000 2.000000 2.000000 2.026791 
 0.016000 2.000000 2.000000 2.000000 2.006962 
 0.016083 2.000000 2.000000 2.000000 2.015527 
 0.016167 2.000000 2.000000 2.000000 2.011663 
 0.016250 2.000000 2.000000 2.000000 2.003008 
 0.016333 2.000000 2.000000 2.000000 1.995664 
 0.016417 2.000000 2.000000 2.000000 1.994316 
 0.016500 2.000000 2.000000 2.000000 1.984388 
 0.016583 2.000000 2.000000 2.000000 1.995670 
 0.016667 2.000000 2.000000 2.000000 2.015678 
 0.016750 2.000000 2.000000 2.000000 1.995657 
 0.016833 2.000000 2.000000 2.000000 2.005667 
 0.016917 2.000000 2.000000 2.000000 2.006929 
 0.017000 2.000000 2.000000 2.000000 2.015686 
 0.017083 2.000000 2.000000 2.000000 2.006849 
 0.017167 2.000000 2.000000 2.000000 2.008049 
 0.017250 2.000000 2.000000 2.000000 1.995598 
 0.017333 2.000000 2.000000 2.000000 2.004437 
 0.017417 2.000000 2.000000 2.000000 1.994377 
 0.017500 2.000000 2.000000 2.000000 2.005642 
 0.017583 2.000000 2.000000 2.000000 2.003235 
 0.017667 2.000000 2.000000 2.000000 2.004404 
 0.017750 2.000000 2.000000 2.000000 2.012260 
 0.017833 2.000000 2.000000 2.000000 2.003279 
 0.017917 2.000000 2.000000 2.000000 2.004426 
 0.018000 2.000000 2.000000 2.000000 2.003280 
 0.018083 2.000000 2.000000 2.000000 2.012302 
 0.018167 2.000000 2.000000 2.000000 2.012301 
 0.018250 2.000000 2.000000 2.000000 2.001101 
 0.018333 2.000000 2.000000 2.000000 2.013392 
 0.018417 2.000000 2.000000 2.000000 2.021399 
 0.018500 2.000000 2.000000 2.000000 2.021459 
 0.018583 2.000000 2.000000 2.000000 2.012349 
 0.018667 2.000000 2.000000 2.000000 2.011353 
 0.018750 2.000000 2.000000 2.000000 1.992037 
 0.018833 2.000000 2.000000 2.000000 2.001193 
 0.018917 2.000000 2.000000 2.000000 2.000189 
 0.019000 2.000000 2.000000 2.000000 2.011379 
 0.019083 2.000000 2.000000 2.000000 2.011379 
 0.019167 2.000000 2.000000 2.000000 2.000227 
 0.019250 2.000000 2.000000 2.000000 2.001202 
 0.019333 2.000000 2.000000 2.000000 2.001187 
 0.019417 2.000000 2.000000 2.000000 2.001187 
 0.019500 2.000000 2.000000 2.000000 2.001200 
 0.019583 2.000000 2.000000 2.000000 1.999308 
 0.019667 2.000000 2.000000 2.000000 2.010478 
 0.019750 2.000000 2.000000 2.000000 2.000269 
 0.019833 2.000000 2.000000 2.000000 2.001162 
 0.019917 2.000000 2.000000 2.000000 2.002939 
 0.020000 2.000000 2.000000 2.000000 2.012231 
 0.020083 2.000000 2.000000 2.000000 2.011370 
 0.020167 2.000000 2.000000 2.000000 2.019934 
 0.020250 2.000000 2.000000 2.000000 2.030192 
 0.020333 2.000000 2.000000 2.000000 2.030278 
 0.020417 2.000000 2.000000 2.000000 2.029504 
 0.020500 2.000000 2.000000 2.000000 2.008924 
 0.020583 2.000000 2.000000 2.000000 2.018439 
 0.020667 2.000000 2.000000 2.000000 2.008150 
 0.020750 2.000000 2.000000 2.000000 1.978055 
 0.020833 2.000000 2.000000 2.000000 1.978777 
 0.020917 2.000000 2.000000 2.000000 1.988336 
 0.021000 2.000000 2.000000 2.000000 1.978030 
 0.021083 2.000000 2.000000 2.000000 1.997897 
 0.021167 2.000000 2.000000 2.000000 1.988336 
 0.021250 2.000000 2.000000 2.000000 1.997896 
 0.021333 2.000000 2.000000 2.000000 2.008961 
 0.021417 2.000000 2.000000 2.000000 2.008272 
 0.021500 2.000000 2.000000 2.000000 2.008960 
 0.021583 2.000000 2.000000 2.000000 2.008244 
 0.021667 2.000000 2.000000 2.000000 1.998598 
 0.021750 2.000000 2.000000 2.000000 2.007634 
 0.021833 2.000000 2.000000 2.000000 2.007633 
 0.021917 2.000000 2.000000 2.000000 2.008293 
 0.022000 2.000000 2.000000 2.000000 1.998515 
 0.022083 2.000000 2.000000 2.000000 2.008297 
 0.022167 2.000000 2.000000 2.000000 2.008931 
 0.022250 2.000000 2.000000 2.000000 1.997931 
 0.022333 2.000000 2.000000 2.000000 2.047591 
 0.022417 2.000000 2.000000 2.000000 2.007710 
 0.022500 2.000000 2.000000 2.000000 2.007696 
 0.022583 2.000000 2.000000 2.000000 2.018081 
 0.022667 2.000000 2.000000 2.000000 2.008259 
 0.022750 2.000000 2.000000 2.000000 1.997298 
 0.022833 2.000000 2.000000 2.000000 2.007170 
 0.022917 2.000000 2.000000 2.000000 2.007714 
 0.023000 2.000000 2.000000 2.000000 1.997276 
 0.023083 2.000000 2.000000 2.000000 1.997791 
 0.023167 2.000000 2.000000 2.000000 2.017162 
 0.023250 2.000000 2.000000 2.000000 2.007689 
 0.023333 2.000000 2.000000 2.000000 1.997197 
 0.023417 2.000000 2.000000 2.000000 2.007660 
 0.023500 2.000000 2.000000 2.000000 2.007170 
 0.023583 2.000000 2.000000 2.000000 2.007714 
 0.023667 2.000000 2.000000 2.000000 2.007660 
 0.023750 2.000000 2.000000 2.000000 2.007202 
 0.023833 2.000000 2.000000 2.000000 2.006767 
 0.023917 2.000000 2.000000 2.000000 2.026953 
 0.024000 2.000000 2.000000 2.000000 2.016810 
 0.024083 2.000000 2.000000 2.000000 1.995425 
 0.024167 2.000000 2.000000 2.000000 1.974469 
 0.024250 2.000000 2.000000 2.000000 2.006332 
 0.024333 2.000000 2.000000 2.000000 2.006367 
 0.024417 2.000000 2.000000 2.000000 2.006367 
 0.024500 2.000000 2.000000 2.000000 2.015658 
 0.024583 2.000000 2.000000 2.000000 2.016860 
 0.024667 2.000000 2.000000 2.000000 1.996274 
 0.024750 2.000000 2.000000 2.000000 2.006767 
 0.024833 2.000000 2.000000 2.000000 2.007135 
 0.024917 2.000000 2.000000 2.000000 1.986118 
 0.025000 2.000000 2.000000 2.000000 2.007090 
 0.025083 2.000000 2.000000 2.000000 2.006747 
 0.025167 2.000000 2.000000 2.000000 1.996182 
 0.025250 2.000000 2.000000 2.000000 1.996182 
 0.025333 2.000000 2.000000 2.000000 2.016951 
 0.025417 2.000000 2.000000 2.000000 2.006683 
 0.025500 2.000000 2.000000 2.000000 2.016945 
 0.025583 2.000000 2.000000 2.000000 2.016631 
 0.025667 2.000000 2.000000 2.000000 2.005827 
 0.025750 2.000000 2.000000 2.000000 2.005256 
 0.025833 2.000000 2.000000 2.000000 1.984719 
 0.025917 2.000000 2.000000 2.000000 1.974450 
 0.026000 2.000000 2.000000 2.000000 2.006121 
 0.026083 2.000000 2.000000 2.000000 1.995296 
 0.026167 2.000000 2.000000 2.000000 1.974310 
 0.026250 2.000000 2.000000 2.000000 1.985306 
 0.026333 2.000000 2.000000 2.000000 1.995418 
 0.026417 2.000000 2.000000 2.000000 2.005905 
 0.026500 2.000000 2.000000 2.000000 1.995308 
 0.026583 2.000000 2.000000 2.000000 2.005708 
 0.026667 2.000000 2.000000 2.000000 2.005509 
 0.026750 2.000000 2.000000 2.000000 2.016107 
 0.026833 2.000000 2.000000 2.000000 2.005571 
 0.026917 2.000000 2.000000 2.000000 2.005911 
 0.027000 2.000000 2.000000 2.000000 2.005571 
 0.027083 2.000000 2.000000 2.000000 2.016525 
 0.027167 2.000000 2.000000 2.000000 2.016392 
 0.027250 2.000000 2.000000 2.000000 2.016675 
 0.027333 2.000000 2.000000 2.000000 2.006188 
 0.027417 2.000000 2.000000 2.000000 2.005905 
 0.027500 2.000000 2.000000 2.000000 1.995357 
 0.027583 2.000000 2.000000 2.000000 2.005775 
 0.027667 2.000000 2.000000 2.000000 2.016517 
 0.027750 2.000000 2.000000 2.000000 2.005776 
 0.027833 2.000000 2.000000 2.000000 1.995034 
 0.027917 2.000000 2.000000 2.000000 2.005776 
 0.028000 2.000000 2.000000 2.000000 2.005859 
 0.028083 2.000000 2.000000 2.000000 1.995034 
 0.028167 2.000000 2.000000 2.000000 2.005525 
 0.028250 2.000000 2.000000 2.000000 1.995118 
 0.028333 2.000000 2.000000 2.000000 1.995034 
 0.028417 2.000000 2.000000 2.000000 1.984376 
 0.028500 2.000000 2.000000 2.000000 1.984344 
 0.028583 2.000000 2.000000 2.000000 2.005666 
 0.028667 2.000000 2.000000 2.000000 1.984344 
 0.028750 2.000000 2.000000 2.000000 1.973657 
 0.028833 2.000000 2.000000 2.000000 1.984370 
 0.028917 2.000000 2.000000 2.000000 2.005744 
 0.029000 2.000000 2.000000 2.000000 2.016415 
 0.029083 2.000000 2.000000 2.000000 2.005717 
 0.029167 2.000000 2.000000 2.000000 2.027125 
 0.029250 2.000000 2.000000 2.000000 2.027120 
 0.029333 2.000000 2.000000 2.000000 2.027226 
 0.029417 2.000000 2.000000 2.000000 2.005731 
 0.029500 2.000000 2.000000 2.000000 2.027194 
 0.029583 2.000000 2.000000 2.000000 2.005731 
 0.029667 2.000000 2.000000 2.000000 2.005731 
 0.029750 2.000000 2.000000 2.000000 2.005731 
 0.029833 2.000000 2.000000 2.000000 2.005612 
 0.029917 2.000000 2.000000 2.000000 1.994943 
 0.030000 2.000000 2.000000 2.000000 2.005673 
 0.030083 2.000000 2.000000 2.000000 1.995003 
 0.030167 2.000000 2.000000 2.000000 1.994981 
 0.030250 2.000000 2.000000 2.000000 1.984326 
 0.030333 2.000000 2.000000 2.000000 1.984130 
 0.030417 2.000000 2.000000 2.000000 1.995197 
 0.030500 2.000000 2.000000 2.000000 2.005706 
 0.030583 2.000000 2.000000 2.000000 2.027579 
 0.030667 2.000000 2.000000 2.000000 2.005825 
 0.030750 2.000000 2.000000 2.000000 1.995066 
 0.030833 2.000000 2.000000 2.000000 2.006061 
 0.030917 2.000000 2.000000 2.000000 2.006061 
 0.031000 2.000000 2.000000 2.000000 1.995197 
 0.031083 2.000000 2.000000 2.000000 1.984571 
 0.031167 2.000000 2.000000 2.000000 2.005987 
 0.031250 2.000000 2.000000 2.000000 2.005811 
 0.031333 2.000000 2.000000 2.000000 2.016951 
 0.031417 2.000000 2.000000 2.000000 2.005811 
 0.031500 2.000000 2.000000 2.000000 2.005811 
 0.031583 2.000000 2.000000 2.000000 2.016950 
 0.031667 2.000000 2.000000 2.000000 1.995376 
 0.031750 2.000000 2.000000 2.000000 1.995376 
 0.031833 2.000000 2.000000 2.000000 2.017204 
 0.031917 2.000000 2.000000 2.000000 2.005992 
 0.032000 2.000000 2.000000 2.000000 2.017613 
 0.032083 2.000000 2.000000 2.000000 2.006197 
 0.032167 2.000000 2.000000 2.000000 2.005992 
 0.032250 2.000000 2.000000 2.000000 2.005992 
 0.032333 2.000000 2.000000 2.000000 2.005987 
 0.032417 2.000000 2.000000 2.000000 1.994938 
 0.032500 2.000000 2.000000 2.000000 2.005987 
 0.032583 2.000000 2.000000 2.000000 2.017036 
 0.032667 2.000000 2.000000 2.000000 2.016802 
 0.032750 2.000000 2.000000 2.000000 1.995172 
 0.032833 2.000000 2.000000 2.000000 2.028417 
 0.032917 2.000000 2.000000 2.000000 1.995141 
 0.033000 2.000000 2.000000 2.000000 1.995682 
 0.033083 2.000000 2.000000 2.000000 2.006234 
 0.033167 2.000000 2.000000 2.000000 2.006234 
 0.033250 2.000000 2.000000 2.000000 2.006234 
 0.033333 2.000000 2.000000 2.000000 1.995666 
 0.033417 2.000000 2.000000 2.000000 1.995403 
 0.033500 2.000000 2.000000 2.000000 1.995367 
 0.033583 2.000000 2.000000 2.000000 1.995687 
 0.033667 2.000000 2.000000 2.000000 2.006525 
 0.033750 2.000000 2.000000 2.000000 2.006525 
 0.033833 2.000000 2.000000 2.000000 1.985130 
 0.033917 2.000000 2.000000 2.000000 1.995682 
 0.034000 2.000000 2.000000 2.000000 1.995332 
 0.034083 2.000000 2.000000 2.000000 2.006203 
 0.034167 2.000000 2.000000 2.000000 1.984830 
 0.034250 2.000000 2.000000 2.000000 1.995367 
 0.034333 2.000000 2.000000 2.000000 2.006552 
 0.034417 2.000000 2.000000 2.000000 2.017423 
 0.034500 2.000000 2.000000 2.000000 2.006552 
 0.034583 2.000000 2.000000 2.000000 2.006203 
 0.034667 2.000000 2.000000 2.000000 1.995664 
 0.034750 2.000000 2.000000 2.000000 2.006549 
 0.034833 2.000000 2.000000 2.000000 2.017433 
 0.034917 2.000000 2.000000 2.000000 2.006535 
 0.035000 2.000000 2.000000 2.000000 2.007349 
 0.035083 2.000000 2.000000 2.000000 1.996043 
 0.035167 2.000000 2.000000 2.000000 1.996043 
 0.035250 2.000000 2.000000 2.000000 2.006942 
 0.035333 2.000000 2.000000 2.000000 1.996042 
 0.035417 2.000000 2.000000 2.000000 1.996042 
 0.035500 2.000000 2.000000 2.000000 1.985551 
 0.035583 2.000000 2.000000 2.000000 1.974246 
 0.035667 2.000000 2.000000 2.000000 2.007868 
 0.035750 2.000000 2.000000 2.000000 2.007403 
 0.035833 2.000000 2.000000 2.000000 2.007817 
 0.035917 2.000000 2.000000 2.000000 2.007381 
 0.036000 2.000000 2.000000 2.000000 2.018328 
 0.036083 2.000000 2.000000 2.000000 2.029254 
 0.036167 2.000000 2.000000 2.000000 2.018328 
 0.036250 2.000000 2.000000 2.000000 1.996012 
 0.036333 2.000000 2.000000 2.000000 1.985086 
 0.036417 2.000000 2.000000 2.000000 1.996477 
 0.036500 2.000000 2.000000 2.000000 2.006890 
 0.036583 2.000000 2.000000 2.000000 1.995414 
 0.036667 2.000000 2.000000 2.000000 1.996459 
 0.036750 2.000000 2.000000 2.000000 1.985507 
 0.036833 2.000000 2.000000 2.000000 1.985506 
 0.036917 2.000000 2.000000 2.000000 1.996982 
 0.037000 2.000000 2.000000 2.000000 2.019834 
 0.037083 2.000000 2.000000 2.000000 2.019340 
 0.037167 2.000000 2.000000 2.000000 1.997504 
 0.037250 2.000000 2.000000 2.000000 2.018887 
 0.037333 2.000000 2.000000 2.000000 2.007951 
 0.037417 2.000000 2.000000 2.000000 2.018366 
 0.037500 2.000000 2.000000 2.000000 2.007934 
 0.037583 2.000000 2.000000 2.000000 1.996982 
 0.037667 2.000000 2.000000 2.000000 2.007951 
 0.037750 2.000000 2.000000 2.000000 1.996985 
 0.037833 2.000000 2.000000 2.000000 2.008502 
 0.037917 2.000000 2.000000 2.000000 1.997536 
 0.038000 2.000000 2.000000 2.000000 1.997536 
 0.038083 2.000000 2.000000 2.000000 1.998088 
 0.038167 2.000000 2.000000 2.000000 1.998139 
 0.038250 2.000000 2.000000 2.000000 1.997558 
 0.038333 2.000000 2.000000 2.000000 2.008537 
 0.038417 2.000000 2.000000 2.000000 2.007957 
 0.038500 2.000000 2.000000 2.000000 1.996978 
 0.038583 2.000000 2.000000 2.000000 2.007957 
 0.038667 2.000000 2.000000 2.000000 2.007378 
 0.038750 2.000000 2.000000 2.000000 2.007378 
 0.038833 2.000000 2.000000 2.000000 2.006798 
 0.038917 2.000000 2.000000 2.000000 1.996398 
 0.039000 2.000000 2.000000 2.000000 2.008561 
 0.039083 2.000000 2.000000 2.000000 1.996959 
 0.039167 2.000000 2.000000 2.000000 1.996959 
 0.039250 2.000000 2.000000 2.000000 2.009170 
 0.039333 2.000000 2.000000 2.000000 2.009783 
 0.039417 2.000000 2.000000 2.000000 1.998179 
 0.039500 2.000000 2.000000 2.000000 1.997567 
 0.039583 2.000000 2.000000 2.000000 1.997567 
 0.039667 2.000000 2.000000 2.000000 1.997568 
 0.039750 2.000000 2.000000 2.000000 1.996930 
 0.039833 2.000000 2.000000 2.000000 1.996294 
 0.039917 2.000000 2.000000 2.000000 1.996931 
 0.040000 2.000000 2.000000 2.000000 2.019579 
 0.040083 2.000000 2.000000 2.000000 2.008574 
 0.040167 2.000000 2.000000 2.000000 2.020293 
 0.040250 2.000000 2.000000 2.000000 1.987892 
 0.040333 2.000000 2.000000 2.000000 1.987203 
 0.040417 2.000000 2.000000 2.000000 1.987203 
 0.040500 2.000000 2.000000 2.000000 1.997534 
 0.040583 2.000000 2.000000 2.000000 2.009956 
 0.040667 2.000000 2.000000 2.000000 2.009261 
 0.040750 2.000000 2.000000 2.000000 2.009957 
 0.040833 2.000000 2.000000 2.000000 1.998224 
 0.040917 2.000000 2.000000 2.000000 1.998224 
 0.041000 2.000000 2.000000 2.000000 2.020989 
 0.041083 2.000000 2.000000 2.000000 2.009957 
 0.041167 2.000000 2.000000 2.000000 1.990799 
 0.041250 2.000000 2.000000 2.000000 1.997500 
 0.041333 2.000000 2.000000 2.000000 1.997501 
 0.041417 2.000000 2.000000 2.000000 1.998224 
 0.041500 2.000000 2.000000 2.000000 2.009269 
 0.041583 2.000000 2.000000 2.000000 1.996776 
 0.041667 2.000000 2.000000 2.000000 2.020323 
 0.041750 2.000000 2.000000 2.000000 1.998963 
 0.041833 2.000000 2.000000 2.000000 1.987179 
 0.041917 2.000000 2.000000 2.000000 1.998948 
 0.042000 2.000000 2.000000 2.000000 1.999714 
 0.042083 2.000000 2.000000 2.000000 1.997455 
 0.042167 2.000000 2.000000 2.000000 2.009267 
 0.042250 2.000000 2.000000 2.000000 1.998208 
 0.042333 2.000000 2.000000 2.000000 1.987197 
 0.042417 2.000000 2.000000 2.000000 1.987197 
 0.042500 2.000000 2.000000 2.000000 1.998963 
 0.042583 2.000000 2.000000 2.000000 2.009253 
 0.042667 2.000000 2.000000 2.000000 2.010815 
 0.042750 2.000000 2.000000 2.000000 1.998963 
 0.042833 2.000000 2.000000 2.000000 1.986328 
 0.042917 2.000000 2.000000 2.000000 2.009253 
 0.043000 2.000000 2.000000 2.000000 1.998144 
 0.043083 2.000000 2.000000 2.000000 2.010038 
 0.043167 2.000000 2.000000 2.000000 2.021933 
 0.043250 2.000000 2.000000 2.000000 2.021933 
 0.043333 2.000000 2.000000 2.000000 1.989493 
 0.043417 2.000000 2.000000 2.000000 1.999765 
 0.043500 2.000000 2.000000 2.000000 1.988674 
 0.043583 2.000000 2.000000 2.000000 1.977603 
 0.043667 2.000000 2.000000 2.000000 1.999774 
 0.043750 2.000000 2.000000 2.000000 1.998934 
 0.043833 2.000000 2.000000 2.000000 1.999774 
 0.043917 2.000000 2.000000 2.000000 1.999774 
 0.044000 2.000000 2.000000 2.000000 2.010870 
 0.044083 2.000000 2.000000 2.000000 2.010870 
 0.044167 2.000000 2.000000 2.000000 1.999757 
 0.044250 2.000000 2.000000 2.000000 2.022002 
 0.044333 2.000000 2.000000 2.000000 2.000575 
 0.044417 2.000000 2.000000 2.000000 1.999765 
 0.044500 2.000000 2.000000 2.000000 2.000640 
 0.044583 2.000000 2.000000 2.000000 1.988661 
 0.044667 2.000000 2.000000 2.000000 1.999771 
 0.044750 2.000000 2.000000 2.000000 1.998903 
 0.044833 2.000000 2.000000 2.000000 1.988677 
 0.044917 2.000000 2.000000 2.000000 1.998934 
 0.045000 2.000000 2.000000 2.000000 1.975816 
 0.045083 2.000000 2.000000 2.000000 1.987794 
 0.045167 2.000000 2.000000 2.000000 1.999758 
 0.045250 2.000000 2.000000 2.000000 2.000655 
 0.045333 2.000000 2.000000 2.000000 2.011778 
 0.045417 2.000000 2.000000 2.000000 2.023798 
 0.045500 2.000000 2.000000 2.000000 2.000655 
 0.045583 2.000000 2.000000 2.000000 1.978410 
 0.045667 2.000000 2.000000 2.000000 2.013647 
 0.045750 2.000000 2.000000 2.000000 2.001586 
 0.045833 2.000000 2.000000 2.000000 2.012721 
 0.045917 2.000000 2.000000 2.000000 1.999733 
 0.046000 2.000000 2.000000 2.000000 2.022948 
 0.046083 2.000000 2.000000 2.000000 1.999698 
 0.046167 2.000000 2.000000 2.000000 1.998742 
 0.046250 2.000000 2.000000 2.000000 1.999698 
 0.046333 2.000000 2.000000 2.000000 2.000659 
 0.046417 2.000000 2.000000 2.000000 2.012720 
 0.046500 2.000000 2.000000 2.000000 2.000659 
 0.046583 2.000000 2.000000 2.000000 2.001586 
 0.046667 2.000000 2.000000 2.000000 1.990459 
 0.046750 2.000000 2.000000 2.000000 2.001619 
 0.046833 2.000000 2.000000 2.000000 2.013709 
 0.046917 2.000000 2.000000 2.000000 2.012755 
 0.047000 2.000000 2.000000 2.000000 2.011800 
 0.047083 2.000000 2.000000 2.000000 2.001607 
 0.047167 2.000000 2.000000 2.000000 1.990461 
 0.047250 2.000000 2.000000 2.000000 1.989505 
 0.047333 2.000000 2.000000 2.000000 1.979299 
 0.047417 2.000000 2.000000 2.000000 1.991443 
 0.047500 2.000000 2.000000 2.000000 2.002602 
 0.047583 2.000000 2.000000 2.000000 1.993409 
 0.047667 2.000000 2.000000 2.000000 1.990446 
 0.047750 2.000000 2.000000 2.000000 1.979273 
 0.047833 2.000000 2.000000 2.000000 2.001619 
 0.047917 2.000000 2.000000 2.000000 1.989432 
 0.048000 2.000000 2.000000 2.000000 1.989434 
 0.048083 2.000000 2.000000 2.000000 2.002632 
 0.048167 2.000000 2.000000 2.000000 2.012793 
 0.048250 2.000000 2.000000 2.000000 1.999525 
 0.048333 2.000000 2.000000 2.000000 2.012791 
 0.048417 2.000000 2.000000 2.000000 2.011779 
 0.048500 2.000000 2.000000 2.000000 2.012792 
 0.048583 2.000000 2.000000 2.000000 2.012792 
 0.048667 2.000000 2.000000 2.000000 2.012792 
 0.048750 2.000000 2.000000 2.000000 2.002650 
 0.048833 2.000000 2.000000 2.000000 2.002649 
 0.048917 2.000000 2.000000 2.000000 2.002649 
 0.049000 2.000000 2.000000 2.000000 2.003691 
 0.049083 2.000000 2.000000 2.000000 1.982363 
 0.049167 2.000000 2.000000 2.000000 1.991459 
 0.049250 2.000000 2.000000 2.000000 2.004798 
 0.049333 2.000000 2.000000 2.000000 1.969065 
 0.049417 2.000000 2.000000 2.000000 1.970135 
 0.049500 2.000000 2.000000 2.000000 1.980262 
 0.049583 2.000000 2.000000 2.000000 2.002656 
 0.049667 2.000000 2.000000 2.000000 2.014923 
 0.049750 2.000000 2.000000 2.000000 2.001586 
 0.049833 2.000000 2.000000 2.000000 1.990390 
 0.049917 2.000000 2.000000 2.000000 2.028258 
 0.050000 2.000000 2.000000 2.000000 2.002636 
 0.050083 2.000000 2.000000 2.000000 2.002636 
 0.050167 2.000000 2.000000 2.000000 2.002635 
 0.050250 2.000000 2.000000 2.000000 2.003764 
 0.050333 2.000000 2.000000 2.000000 2.003764 
 0.050417 2.000000 2.000000 2.000000 2.002635 
 0.050500 2.000000 2.000000 2.000000 1.992542 
 0.050583 2.000000 2.000000 2.000000 1.991415 
 0.050667 2.000000 2.000000 2.000000 2.001551 
 0.050750 2.000000 2.000000 2.000000 2.002651 
 0.050833 2.000000 2.000000 2.000000 2.014986 
 0.050917 2.000000 2.000000 2.000000 1.993671 
 0.051000 2.000000 2.000000 2.000000 2.016158 
 0.051083 2.000000 2.000000 2.000000 2.003766 
 0.051167 2.000000 2.000000 2.000000 1.993697 
 0.051250 2.000000 2.000000 2.000000 2.028621 
 0.051333 2.000000 2.000000 2.000000 1.992533 
 0.051417 2.000000 2.000000 2.000000 1.981299 
 0.051500 2.000000 2.000000 2.000000 1.994846 
 0.051583 2.000000 2.000000 2.000000 2.004923 
 0.051667 2.000000 2.000000 2.000000 1.993670 
 0.051750 2.000000 2.000000 2.000000 2.006020 
 0.051833 2.000000 2.000000 2.000000 2.017313 
 0.051917 2.000000 2.000000 2.000000 1.993689 
 0.052000 2.000000 2.000000 2.000000 2.004943 
 0.052083 2.000000 2.000000 2.000000 2.003757 
 0.052167 2.000000 2.000000 2.000000 2.004923 
 0.052250 2.000000 2.000000 2.000000 1.992533 
 0.052333 2.000000 2.000000 2.000000 2.004952 
 0.052417 2.000000 2.000000 2.000000 2.006168 
 0.052500 2.000000 2.000000 2.000000 2.017425 
 0.052583 2.000000 2.000000 2.000000 2.018640 
 0.052667 2.000000 2.000000 2.000000 1.994909 
 0.052750 2.000000 2.000000 2.000000 2.014995 
 0.052833 2.000000 2.000000 2.000000 2.016219 
 0.052917 2.000000 2.000000 2.000000 1.992436 
 0.053000 2.000000 2.000000 2.000000 1.981221 
 0.053083 2.000000 2.000000 2.000000 1.991264 
 0.053167 2.000000 2.000000 2.000000 1.982411 
 0.053250 2.000000 2.000000 2.000000 1.981168 
 0.053333 2.000000 2.000000 2.000000 2.004950 
 0.053417 2.000000 2.000000 2.000000 1.966170 
 0.053500 2.000000 2.000000 2.000000 1.993680 
 0.053583 2.000000 2.000000 2.000000 1.994923 
 0.053667 2.000000 2.000000 2.000000 1.993654 
 0.053750 2.000000 2.000000 2.000000 2.006208 
 0.053833 2.000000 2.000000 2.000000 2.031402 
 0.053917 2.000000 2.000000 2.000000 2.006212 
 0.054000 2.000000 2.000000 2.000000 1.993654 
 0.054083 2.000000 2.000000 2.000000 2.018763 
 0.054167 2.000000 2.000000 2.000000 2.031314 
 0.054250 2.000000 2.000000 2.000000 2.018761 
 0.054333 2.000000 2.000000 2.000000 1.987529 
 0.054417 2.000000 2.000000 2.000000 2.010116 
 0.054500 2.000000 2.000000 2.000000 1.996220 
 0.054583 2.000000 2.000000 2.000000 1.984926 
 0.054667 2.000000 2.000000 2.000000 1.970962 
 0.054750 2.000000 2.000000 2.000000 1.994901 
 0.054833 2.000000 2.000000 2.000000 1.994919 
 0.054917 2.000000 2.000000 2.000000 2.017506 
 0.055000 2.000000 2.000000 2.000000 1.993570 
 0.055083 2.000000 2.000000 2.000000 1.994900 
 0.055167 2.000000 2.000000 2.000000 1.994899 
 0.055250 2.000000 2.000000 2.000000 1.994899 
 0.055333 2.000000 2.000000 2.000000 1.984912 
 0.055417 2.000000 2.000000 2.000000 1.984912 
 0.055500 2.000000 2.000000 2.000000 1.986255 
 0.055583 2.000000 2.000000 2.000000 2.008865 
 0.055667 2.000000 2.000000 2.000000 2.006187 
 0.055750 2.000000 2.000000 2.000000 1.994870 
 0.055833 2.000000 2.000000 2.000000 2.032894 
 0.055917 2.000000 2.000000 2.000000 2.007546 
 0.056000 2.000000 2.000000 2.000000 2.032897 
 0.056083 2.000000 2.000000 2.000000 1.997588 
 0.056167 2.000000 2.000000 2.000000 2.008932 
 0.056250 2.000000 2.000000 2.000000 1.994832 
 0.056333 2.000000 2.000000 2.000000 1.996229 
 0.056417 2.000000 2.000000 2.000000 1.994870 
 0.056500 2.000000 2.000000 2.000000 2.008950 
 0.056583 2.000000 2.000000 2.000000 2.007473 
 0.056667 2.000000 2.000000 2.000000 1.984889 
 0.056750 2.000000 2.000000 2.000000 2.008933 
 0.056833 2.000000 2.000000 2.000000 1.999026 
 0.056917 2.000000 2.000000 2.000000 1.999026 
 0.057000 2.000000 2.000000 2.000000 2.008950 
 0.057083 2.000000 2.000000 2.000000 2.010366 
 0.057167 2.000000 2.000000 2.000000 1.997604 
 0.057250 2.000000 2.000000 2.000000 2.008933 
 0.057333 2.000000 2.000000 2.000000 1.997604 
 0.057417 2.000000 2.000000 2.000000 1.986276 
 0.057500 2.000000 2.000000 2.000000 1.997610 
 0.057583 2.000000 2.000000 2.000000 2.000444 
 0.057667 2.000000 2.000000 2.000000 1.999050 
 0.057750 2.000000 2.000000 2.000000 1.997604 
 0.057833 2.000000 2.000000 2.000000 2.021706 
 0.057917 2.000000 2.000000 2.000000 1.997610 
 0.058000 2.000000 2.000000 2.000000 1.997605 
 0.058083 2.000000 2.000000 2.000000 1.996160 
 0.058167 2.000000 2.000000 2.000000 1.996117 
 0.058250 2.000000 2.000000 2.000000 1.996117 
 0.058333 2.000000 2.000000 2.000000 1.996160 
 0.058417 2.000000 2.000000 2.000000 1.986253 
 0.058500 2.000000 2.000000 2.000000 1.999062 
 0.058583 2.000000 2.000000 2.000000 2.008951 
 0.058667 2.000000 2.000000 2.000000 1.999049 
 0.058750 2.000000 2.000000 2.000000 1.999049 
 0.058833 2.000000 2.000000 2.000000 1.986227 
 0.058917 2.000000 2.000000 2.000000 1.999061 
 0.059000 2.000000 2.000000 2.000000 2.000536 
 0.059083 2.000000 2.000000 2.000000 1.999062 
 0.059167 2.000000 2.000000 2.000000 2.000535 
 0.059250 2.000000 2.000000 2.000000 2.002008 
 0.059333 2.000000 2.000000 2.000000 2.000565 
 0.059417 2.000000 2.000000 2.000000 2.026318 
 0.059500 2.000000 2.000000 2.000000 2.010438 
 0.059583 2.000000 2.000000 2.000000 2.010438 
 0.059667 2.000000 2.000000 2.000000 1.994561 
 0.059750 2.000000 2.000000 2.000000 1.999063 
 0.059833 2.000000 2.000000 2.000000 2.024816 
 0.059917 2.000000 2.000000 2.000000 1.999063 
 0.060000 2.000000 2.000000 2.000000 1.997473 
 0.060083 2.000000 2.000000 2.000000 2.010430 
 0.060167 2.000000 2.000000 2.000000 1.999062 
 0.060250 2.000000 2.000000 2.000000 2.000535 
 0.060333 2.000000 2.000000 2.000000 1.999053 
 0.060417 2.000000 2.000000 2.000000 1.974751 
 0.060500 2.000000 2.000000 2.000000 1.986137 
 0.060583 2.000000 2.000000 2.000000 2.011970 
 0.060667 2.000000 2.000000 2.000000 2.002151 
 0.060750 2.000000 2.000000 2.000000 2.013548 
 0.060833 2.000000 2.000000 2.000000 1.989198 
 0.060917 2.000000 2.000000 2.000000 1.989198 
 0.061000 2.000000 2.000000 2.000000 1.990756 
 0.061083 2.000000 2.000000 2.000000 1.999030 
 0.061167 2.000000 2.000000 2.000000 2.010430 
 0.061250 2.000000 2.000000 2.000000 2.000592 
 0.061333 2.000000 2.000000 2.000000 2.002152 
 0.061417 2.000000 2.000000 2.000000 2.039465 
 0.061500 2.000000 2.000000 2.000000 2.011989 
 0.061583 2.000000 2.000000 2.000000 2.000592 
 0.061667 2.000000 2.000000 2.000000 1.987539 
 0.061750 2.000000 2.000000 2.000000 1.974504 
 0.061833 2.000000 2.000000 2.000000 1.989180 
 0.061917 2.000000 2.000000 2.000000 1.997410 
 0.062000 2.000000 2.000000 2.000000 1.997413 
 0.062083 2.000000 2.000000 2.000000 1.987593 
 0.062167 2.000000 2.000000 2.000000 2.000575 
 0.062250 2.000000 2.000000 2.000000 2.002191 
 0.062333 2.000000 2.000000 2.000000 2.002194 
 0.062417 2.000000 2.000000 2.000000 1.977684 
 0.062500 2.000000 2.000000 2.000000 1.987537 
 0.062583 2.000000 2.000000 2.000000 2.010376 
 0.062667 2.000000 2.000000 2.000000 1.998954 
 0.062750 2.000000 2.000000 2.000000 2.013612 
 0.062833 2.000000 2.000000 2.000000 2.026649 
 0.062917 2.000000 2.000000 2.000000 2.005427 
 0.063000 2.000000 2.000000 2.000000 2.003842 
 0.063083 2.000000 2.000000 2.000000 2.016921 
 0.063167 2.000000 2.000000 2.000000 1.992357 
 0.063250 2.000000 2.000000 2.000000 1.992357 
 0.063333 2.000000 2.000000 2.000000 2.013610 
 0.063417 2.000000 2.000000 2.000000 2.026646 
 0.063500 2.000000 2.000000 2.000000 2.013625 
 0.063583 2.000000 2.000000 2.000000 2.013625 
 0.063667 2.000000 2.000000 2.000000 2.015229 
 0.063750 2.000000 2.000000 2.000000 2.003809 
 0.063833 2.000000 2.000000 2.000000 2.000548 
 0.063917 2.000000 2.000000 2.000000 2.000548 
 0.064000 2.000000 2.000000 2.000000 2.013619 
 0.064083 2.000000 2.000000 2.000000 2.011914 
 0.064167 2.000000 2.000000 2.000000 2.000510 
 0.064250 2.000000 2.000000 2.000000 2.003862 
 0.064333 2.000000 2.000000 2.000000 2.005534 
 0.064417 2.000000 2.000000 2.000000 1.975958 
 0.064500 2.000000 2.000000 2.000000 2.003861 
 0.064583 2.000000 2.000000 2.000000 2.003861 
 0.064667 2.000000 2.000000 2.000000 2.003861 
 0.064750 2.000000 2.000000 2.000000 2.005536 
 0.064833 2.000000 2.000000 2.000000 2.061353 
 0.064917 2.000000 2.000000 2.000000 1.994095 
 0.065000 2.000000 2.000000 2.000000 1.992418 
 0.065083 2.000000 2.000000 2.000000 1.975850 
 0.065167 2.000000 2.000000 2.000000 1.974284 
 0.065250 2.000000 2.000000 2.000000 2.000514 
 0.065333 2.000000 2.000000 2.000000 2.013601 
 0.065417 2.000000 2.000000 2.000000 2.003870 
 0.065500 2.000000 2.000000 2.000000 1.994123 
 0.065583 2.000000 2.000000 2.000000 1.994123 
 0.065667 2.000000 2.000000 2.000000 1.995826 
 0.065750 2.000000 2.000000 2.000000 1.980966 
 0.065833 2.000000 2.000000 2.000000 1.969512 
 0.065917 2.000000 2.000000 2.000000 1.992418 
 0.066000 2.000000 2.000000 2.000000 1.980942 
 0.066083 2.000000 2.000000 2.000000 1.979210 
 0.066167 2.000000 2.000000 2.000000 1.980966 
 0.066250 2.000000 2.000000 2.000000 2.015324 
 0.066333 2.000000 2.000000 2.000000 2.002169 
 0.066417 2.000000 2.000000 2.000000 1.994121 
 0.066500 2.000000 2.000000 2.000000 2.017027 
 0.066583 2.000000 2.000000 2.000000 1.995826 
 0.066667 2.000000 2.000000 2.000000 2.005618 
 0.066750 2.000000 2.000000 2.000000 2.005618 
 0.066833 2.000000 2.000000 2.000000 2.017066 
 0.066917 2.000000 2.000000 2.000000 2.015333 
 0.067000 2.000000 2.000000 2.000000 2.018855 
 0.067083 2.000000 2.000000 2.000000 1.994143 
 0.067167 2.000000 2.000000 2.000000 2.005618 
 0.067250 2.000000 2.000000 2.000000 2.013569 
 0.067333 2.000000 2.000000 2.000000 2.015317 
 0.067417 2.000000 2.000000 2.000000 1.990556 
 0.067500 2.000000 2.000000 2.000000 1.992406 
 0.067583 2.000000 2.000000 2.000000 1.988942 
 0.067667 2.000000 2.000000 2.000000 2.002098 
 0.067750 2.000000 2.000000 2.000000 2.003858 
 0.067833 2.000000 2.000000 2.000000 1.984431 
 0.067917 2.000000 2.000000 2.000000 1.994143 
 0.068000 2.000000 2.000000 2.000000 1.995929 
 0.068083 2.000000 2.000000 2.000000 2.007415 
 0.068167 2.000000 2.000000 2.000000 2.007380 
 0.068250 2.000000 2.000000 2.000000 2.010905 
 0.068333 2.000000 2.000000 2.000000 1.982652 
 0.068417 2.000000 2.000000 2.000000 1.999509 
 0.068500 2.000000 2.000000 2.000000 2.005622 
 0.068583 2.000000 2.000000 2.000000 2.005622 
 0.068667 2.000000 2.000000 2.000000 2.015317 
 0.068750 2.000000 2.000000 2.000000 2.015317 
 0.068833 2.000000 2.000000 2.000000 2.015331 
 0.068917 2.000000 2.000000 2.000000 2.003856 
 0.069000 2.000000 2.000000 2.000000 2.003748 
 0.069083 2.000000 2.000000 2.000000 2.005597 
 0.069167 2.000000 2.000000 2.000000 1.994138 
 0.069250 2.000000 2.000000 2.000000 1.994138 
 0.069333 2.000000 2.000000 2.000000 1.992300 
 0.069417 2.000000 2.000000 2.000000 1.982624 
 0.069500 2.000000 2.000000 2.000000 1.957893 
 0.069583 2.000000 2.000000 2.000000 1.986231 
 0.069667 2.000000 2.000000 2.000000 1.997758 
 0.069750 2.000000 2.000000 2.000000 1.986262 
 0.069833 2.000000 2.000000 2.000000 2.007434 
 0.069917 2.000000 2.000000 2.000000 2.020748 
 0.070000 2.000000 2.000000 2.000000 2.018953 
 0.070083 2.000000 2.000000 2.000000 2.003750 
 0.070167 2.000000 2.000000 2.000000 2.083869 
 0.070250 2.000000 2.000000 2.000000 2.009292 
 0.070333 2.000000 2.000000 2.000000 1.982587 
 0.070417 2.000000 2.000000 2.000000 1.989972 
 0.070500 2.000000 2.000000 2.000000 2.007434 
 0.070583 2.000000 2.000000 2.000000 2.003799 
 0.070667 2.000000 2.000000 2.000000 1.995939 
 0.070750 2.000000 2.000000 2.000000 1.997757 
 0.070833 2.000000 2.000000 2.000000 2.018953 
 0.070917 2.000000 2.000000 2.000000 2.007446 
 0.071000 2.000000 2.000000 2.000000 2.007445 
 0.071083 2.000000 2.000000 2.000000 1.995928 
 0.071167 2.000000 2.000000 2.000000 1.988079 
 0.071250 2.000000 2.000000 2.000000 1.994121 
 0.071333 2.000000 2.000000 2.000000 2.005598 
 0.071417 2.000000 2.000000 2.000000 2.018953 
 0.071500 2.000000 2.000000 2.000000 2.007446 
 0.071583 2.000000 2.000000 2.000000 1.997787 
 0.071667 2.000000 2.000000 2.000000 2.007446 
 0.071750 2.000000 2.000000 2.000000 2.009321 
 0.071833 2.000000 2.000000 2.000000 2.007445 
 0.071917 2.000000 2.000000 2.000000 2.007445 
 0.072000 2.000000 2.000000 2.000000 1.995905 
 0.072083 2.000000 2.000000 2.000000 2.009340 
 0.072167 2.000000 2.000000 2.000000 2.009292 
 0.072250 2.000000 2.000000 2.000000 2.022645 
 0.072333 2.000000 2.000000 2.000000 1.997786 
 0.072417 2.000000 2.000000 2.000000 1.995939 
 0.072500 2.000000 2.000000 2.000000 1.986288 
 0.072583 2.000000 2.000000 2.000000 1.997805 
 0.072667 2.000000 2.000000 2.000000 1.986280 
 0.072750 2.000000 2.000000 2.000000 1.984433 
 0.072833 2.000000 2.000000 2.000000 1.997786 
 0.072917 2.000000 2.000000 2.000000 1.995939 
 0.073000 2.000000 2.000000 2.000000 1.994050 
 0.073083 2.000000 2.000000 2.000000 2.009323 
 0.073167 2.000000 2.000000 2.000000 2.005598 
 0.073250 2.000000 2.000000 2.000000 1.995939 
 0.073333 2.000000 2.000000 2.000000 2.005571 
 0.073417 2.000000 2.000000 2.000000 2.005571 
 0.073500 2.000000 2.000000 2.000000 1.994052 
 0.073583 2.000000 2.000000 2.000000 1.994052 
 0.073667 2.000000 2.000000 2.000000 1.995929 
 0.073750 2.000000 2.000000 2.000000 2.009322 
 0.073833 2.000000 2.000000 2.000000 1.995907 
 0.073917 2.000000 2.000000 2.000000 1.986284 
 0.074000 2.000000 2.000000 2.000000 1.972851 
 0.074083 2.000000 2.000000 2.000000 1.984379 
 0.074167 2.000000 2.000000 2.000000 2.009339 
 0.074250 2.000000 2.000000 2.000000 2.011244 
 0.074333 2.000000 2.000000 2.000000 2.053447 
 0.074417 2.000000 2.000000 2.000000 2.015054 
 0.074500 2.000000 2.000000 2.000000 2.009320 
 0.074583 2.000000 2.000000 2.000000 2.009320 
 0.074667 2.000000 2.000000 2.000000 2.020867 
 0.074750 2.000000 2.000000 2.000000 1.994002 
 0.074833 2.000000 2.000000 2.000000 2.005529 
 0.074917 2.000000 2.000000 2.000000 1.995907 
 0.075000 2.000000 2.000000 2.000000 2.009339 
 0.075083 2.000000 2.000000 2.000000 2.013149 
 0.075167 2.000000 2.000000 2.000000 1.997807 
 0.075250 2.000000 2.000000 2.000000 1.997807 
 0.075333 2.000000 2.000000 2.000000 1.984379 
 0.075417 2.000000 2.000000 2.000000 1.988189 
 0.075500 2.000000 2.000000 2.000000 1.997812 
 0.075583 2.000000 2.000000 2.000000 1.999717 
 0.075667 2.000000 2.000000 2.000000 1.990091 
 0.075750 2.000000 2.000000 2.000000 2.015049 
 0.075833 2.000000 2.000000 2.000000 2.024677 
 0.075917 2.000000 2.000000 2.000000 2.009339 
 0.076000 2.000000 2.000000 2.000000 1.995908 
 0.076083 2.000000 2.000000 2.000000 1.995908 
 0.076167 2.000000 2.000000 2.000000 2.020884 
 0.076250 2.000000 2.000000 2.000000 2.018950 
 0.076333 2.000000 2.000000 2.000000 1.995908 
 0.076417 2.000000 2.000000 2.000000 1.982477 
 0.076500 2.000000 2.000000 2.000000 1.982402 
 0.076583 2.000000 2.000000 2.000000 1.984336 
 0.076667 2.000000 2.000000 2.000000 2.007436 
 0.076750 2.000000 2.000000 2.000000 1.999713 
 0.076833 2.000000 2.000000 2.000000 1.997812 
 0.076917 2.000000 2.000000 2.000000 2.013149 
 0.077000 2.000000 2.000000 2.000000 2.013227 
 0.077083 2.000000 2.000000 2.000000 2.034368 
 0.077167 2.000000 2.000000 2.000000 2.011277 
 0.077250 2.000000 2.000000 2.000000 2.011277 
 0.077333 2.000000 2.000000 2.000000 2.009346 
 0.077417 2.000000 2.000000 2.000000 2.011279 
 0.077500 2.000000 2.000000 2.000000 2.011279 
 0.077583 2.000000 2.000000 2.000000 1.986269 
 0.077667 2.000000 2.000000 2.000000 1.999741 
 0.077750 2.000000 2.000000 2.000000 1.984336 
 0.077833 2.000000 2.000000 2.000000 1.997792 
 0.077917 2.000000 2.000000 2.000000 1.984282 
 0.078000 2.000000 2.000000 2.000000 1.984379 
 0.078083 2.000000 2.000000 2.000000 1.988189 
 0.078167 2.000000 2.000000 2.000000 1.988203 
 0.078250 2.000000 2.000000 2.000000 2.024751 
 0.078333 2.000000 2.000000 2.000000 1.997807 
 0.078417 2.000000 2.000000 2.000000 1.986269 
 0.078500 2.000000 2.000000 2.000000 1.995874 
 0.078583 2.000000 2.000000 2.000000 1.995874 
 0.078667 2.000000 2.000000 2.000000 2.020884 
 0.078750 2.000000 2.000000 2.000000 2.022817 
 0.078833 2.000000 2.000000 2.000000 2.013212 
 0.078917 2.000000 2.000000 2.000000 2.013212 
 0.079000 2.000000 2.000000 2.000000 1.997808 
 0.079083 2.000000 2.000000 2.000000 2.011277 
 0.079167 2.000000 2.000000 2.000000 2.011277 
 0.079250 2.000000 2.000000 2.000000 2.011277 
 0.079333 2.000000 2.000000 2.000000 1.997807 
 0.079417 2.000000 2.000000 2.000000 2.007412 
 0.079500 2.000000 2.000000 2.000000 1.995874 
 0.079583 2.000000 2.000000 2.000000 1.995874 
 0.079667 2.000000 2.000000 2.000000 1.986269 
 0.079750 2.000000 2.000000 2.000000 1.974731 
 0.079833 2.000000 2.000000 2.000000 1.986268 
 0.079917 2.000000 2.000000 2.000000 2.009346 
 0.080000 2.000000 2.000000 2.000000 2.018927 
 0.080083 2.000000 2.000000 2.000000 2.009341 
 0.080167 2.000000 2.000000 2.000000 1.997807 
 0.080250 2.000000 2.000000 2.000000 1.995874 
 0.080333 2.000000 2.000000 2.000000 1.988203 
 0.080417 2.000000 2.000000 2.000000 1.999742 
 0.080500 2.000000 2.000000 2.000000 2.024816 
 0.080583 2.000000 2.000000 2.000000 1.997791 
 0.080667 2.000000 2.000000 2.000000 2.011279 
 0.080750 2.000000 2.000000 2.000000 2.024751 
 0.080833 2.000000 2.000000 2.000000 1.999754 
 0.080917 2.000000 2.000000 2.000000 1.997793 
 0.081000 2.000000 2.000000 2.000000 1.972801 
 0.081083 2.000000 2.000000 2.000000 1.986270 
 0.081167 2.000000 2.000000 2.000000 1.999741 
 0.081250 2.000000 2.000000 2.000000 2.011279 
 0.081333 2.000000 2.000000 2.000000 2.011303 
 0.081417 2.000000 2.000000 2.000000 2.001716 
 0.081500 2.000000 2.000000 2.000000 1.999741 
 0.081583 2.000000 2.000000 2.000000 1.986269 
 0.081667 2.000000 2.000000 2.000000 1.999742 
 0.081750 2.000000 2.000000 2.000000 1.995872 
 0.081833 2.000000 2.000000 2.000000 2.009341 
 0.081917 2.000000 2.000000 2.000000 1.995830 
 0.082000 2.000000 2.000000 2.000000 1.999741 
 0.082083 2.000000 2.000000 2.000000 2.009346 
 0.082167 2.000000 2.000000 2.000000 2.007377 
 0.082250 2.000000 2.000000 2.000000 1.995828 
 0.082333 2.000000 2.000000 2.000000 1.997724 
 0.082417 2.000000 2.000000 2.000000 2.009294 
 0.082500 2.000000 2.000000 2.000000 2.009341 
 0.082583 2.000000 2.000000 2.000000 1.997793 
 0.082667 2.000000 2.000000 2.000000 2.015146 
 0.082750 2.000000 2.000000 2.000000 1.999741 
 0.082833 2.000000 2.000000 2.000000 2.022817 
 0.082917 2.000000 2.000000 2.000000 2.015146 
 0.083000 2.000000 2.000000 2.000000 1.999741 
 0.083083 2.000000 2.000000 2.000000 1.976664 
 0.083167 2.000000 2.000000 2.000000 1.974731 
 0.083250 2.000000 2.000000 2.000000 2.001674 
 0.083333 2.000000 2.000000 2.000000 1.999741 
 0.083417 0.000000 0.000000 0.000000 1.999741 
 0.083500 0.000000 0.000000 0.000000 1.984338 
 0.083583 0.000000 0.000000 0.000000 1.943983 
 0.083667 0.000000 0.000000 0.000000 1.759434 
 0.083750 0.000000 0.000000 0.000000 1.511458 
 0.083833 0.000000 0.000000 0.000000 1.209684 
 0.083917 0.000000 0.000000 0.000000 0.896358 
 0.084000 0.000000 0.000000 0.000000 0.594446 
 0.084083 0.000000 0.000000 0.000000 0.323396 
 0.084167 0.000000 0.000000 0.000000 0.106229 
 0.084250 0.000000 0.000000 0.000000 -0.091789 
 0.084333 0.000000 0.000000 0.000000 -0.209080 
 0.084417 0.000000 0.000000 0.000000 -0.307115 
 0.084500 0.000000 0.000000 0.000000 -0.376252 
 0.084583 0.000000 0.000000 0.000000 -0.374375 
 0.084667 0.000000 0.000000 0.000000 -0.309275 
 0.084750 0.000000 0.000000 0.000000 -0.343578 
 0.084833 0.000000 0.000000 0.000000 -0.266694 
 0.084917 0.000000 0.000000 0.000000 -0.224363 
 0.085000 0.000000 0.000000 0.000000 -0.160870 
 0.085083 0.000000 0.000000 0.000000 -0.105181 
 0.085167 0.000000 0.000000 0.000000 -0.036171 
 0.085250 0.000000 0.000000 0.000000 -0.007143 
 0.085333 0.000000 0.000000 0.000000 0.040609 
 0.085417 0.000000 0.000000 0.000000 0.063580 
 0.085500 0.000000 0.000000 0.000000 0.075070 
 0.085583 0.000000 0.000000 0.000000 0.081180 
 0.085667 0.000000 0.000000 0.000000 0.086456 
 0.085750 0.000000 0.000000 0.000000 0.074981 
 0.085833 0.000000 0.000000 0.000000 0.074899 
 0.085917 0.000000 0.000000 0.000000 0.073165 
 0.086000 0.000000 0.000000 0.000000 0.076389 
 0.086083 0.000000 0.000000 0.000000 0.066622 
 0.086167 0.000000 0.000000 0.000000 0.040338 
 0.086250 0.000000 0.000000 0.000000 0.041983 
 0.086333 0.000000 0.000000 0.000000 0.051769 
 0.086417 0.000000 0.000000 0.000000 0.027263 
 0.086500 0.000000 0.000000 0.000000 0.028867 
 0.086583 0.000000 0.000000 0.000000 0.015830 
 0.086667 0.000000 0.000000 0.000000 0.015823 
 0.086750 0.000000 0.000000 0.000000 0.004426 
 0.086833 0.000000 0.000000 0.000000 0.018944 
 0.086917 0.000000 0.000000 0.000000 0.018944 
 0.087000 0.000000 0.000000 0.000000 0.057630 
 0.087083 0.000000 0.000000 0.000000 0.043183 
 0.087167 0.000000 0.000000 0.000000 0.017286 
 0.087250 0.000000 0.000000 0.000000 0.002976 
 0.087333 0.000000 0.000000 0.000000 0.003013 
 0.087417 0.000000 0.000000 0.000000 0.003013 
 0.087500 0.000000 0.000000 0.000000 0.012973 
 0.087583 0.000000 0.000000 0.000000 0.025730 
 0.087667 0.000000 0.000000 0.000000 0.025743 
 0.087750 0.000000 0.000000 0.000000 0.014414 
 0.087833 0.000000 0.000000 0.000000 0.015798 
 0.087917 0.000000 0.000000 0.000000 0.025756 
 0.088000 0.000000 0.000000 0.000000 0.039617 
 0.088083 0.000000 0.000000 0.000000 0.039617 
 0.088167 0.000000 0.000000 0.000000 0.038348 
 0.088250 0.000000 0.000000 0.000000 0.039619 
 0.088333 0.000000 0.000000 0.000000 0.028203 
 0.088417 0.000000 0.000000 0.000000 0.029388 
 0.088500 0.000000 0.000000 0.000000 0.028203 
 0.088583 0.000000 0.000000 0.000000 0.028203 
 0.088667 0.000000 0.000000 0.000000 0.026985 
 0.088750 0.000000 0.000000 0.000000 0.038207 
 0.088833 0.000000 0.000000 0.000000 0.014684 
 0.088917 0.000000 0.000000 0.000000 0.038147 
 0.089000 0.000000 0.000000 0.000000 0.026951 
 0.089083 0.000000 0.000000 0.000000 0.038148 
 0.089167 0.000000 0.000000 0.000000 -0.006601 
 0.089250 0.000000 0.000000 0.000000 0.004571 
 0.089333 0.000000 0.000000 0.000000 0.016757 
 0.089417 0.000000 0.000000 0.000000 0.016757 
 0.089500 0.000000 0.000000 0.000000 0.028789 
 0.089583 0.000000 0.000000 0.000000 0.026881 
 0.089667 0.000000 0.000000 0.000000 0.027742 
 0.089750 0.000000 0.000000 0.000000 0.028639 
 0.089833 0.000000 0.000000 0.000000 0.017518 
 0.089917 0.000000 0.000000 0.000000 0.028640 
 0.090000 0.000000 0.000000 0.000000 0.015706 
 0.090083 0.000000 0.000000 0.000000 0.004622 
 0.090167 0.000000 0.000000 0.000000 0.016482 
 0.090250 0.000000 0.000000 0.000000 0.004630 
 0.090333 0.000000 0.000000 0.000000 0.016449 
 0.090417 0.000000 0.000000 0.000000 0.005390 
 0.090500 0.000000 0.000000 0.000000 -0.004990 
 0.090583 0.000000 0.000000 0.000000 0.005347 
 0.090667 0.000000 0.000000 0.000000 0.016882 
 0.090750 0.000000 0.000000 0.000000 -0.005103 
 0.090833 0.000000 0.000000 0.000000 0.004672 
 0.090917 0.000000 0.000000 0.000000 0.015665 
 0.091000 0.000000 0.000000 0.000000 0.026658 
 0.091083 0.000000 0.000000 0.000000 0.015665 
 0.091167 0.000000 0.000000 0.000000 0.004686 
 0.091250 0.000000 0.000000 0.000000 -0.018350 
 0.091333 0.000000 0.000000 0.000000 0.050431 
 0.091417 0.000000 0.000000 0.000000 0.015146 
 0.091500 0.000000 0.000000 0.000000 0.004714 
 0.091583 0.000000 0.000000 0.000000 0.004714 
 0.091667 0.000000 0.000000 0.000000 0.050104 
 0.091750 0.000000 0.000000 0.000000 0.004714 
 0.091833 0.000000 0.000000 0.000000 -0.005771 
 0.091917 0.000000 0.000000 0.000000 -0.006178 
 0.092000 0.000000 0.000000 0.000000 -0.005402 
 0.092083 0.000000 0.000000 0.000000 -0.006157 
 0.092167 0.000000 0.000000 0.000000 -0.006095 
 0.092250 0.000000 0.000000 0.000000 -0.016939 
 0.092333 0.000000 0.000000 0.000000 -0.006075 
 0.092417 0.000000 0.000000 0.000000 -0.006075 
 0.092500 0.000000 0.000000 0.000000 -0.006054 
 0.092583 0.000000 0.000000 0.000000 -0.016870 
 0.092667 0.000000 0.000000 0.000000 -0.027979 
 0.092750 0.000000 0.000000 0.000000 -0.016765 
 0.092833 0.000000 0.000000 0.000000 0.004906 
 0.092917 0.000000 0.000000 0.000000 -0.005853 
 0.093000 0.000000 0.000000 0.000000 -0.005853 
 0.093083 0.000000 0.000000 0.000000 -0.005735 
 0.093167 0.000000 0.000000 0.000000 0.004922 
 0.093250 0.000000 0.000000 0.000000 -0.027390 
 0.093333 0.000000 0.000000 0.000000 0.004822 
 0.093417 0.000000 0.000000 0.000000 0.004822 
 0.093500 0.000000 0.000000 0.000000 -0.005893 
 0.093583 0.000000 0.000000 0.000000 -0.005867 
 0.093667 0.000000 0.000000 0.000000 0.015324 
 0.093750 0.000000 0.000000 0.000000 0.004749 
 0.093833 0.000000 0.000000 0.000000 -0.005900 
 0.093917 0.000000 0.000000 0.000000 -0.005900 
 0.094000 0.000000 0.000000 0.000000 -0.005924 
 0.094083 0.000000 0.000000 0.000000 -0.016552 
 0.094167 0.000000 0.000000 0.000000 -0.016693 
 0.094250 0.000000 0.000000 0.000000 -0.016552 
 0.094333 0.000000 0.000000 0.000000 -0.027137 
 0.094417 0.000000 0.000000 0.000000 -0.016339 
 0.094500 0.000000 0.000000 0.000000 -0.026887 
 0.094583 0.000000 0.000000 0.000000 -0.037698 
 0.094667 0.000000 0.000000 0.000000 -0.026836 
 0.094750 0.000000 0.000000 0.000000 -0.016523 
 0.094833 0.000000 0.000000 0.000000 -0.006598 
 0.094917 0.000000 0.000000 0.000000 -0.005970 
 0.095000 0.000000 0.000000 0.000000 0.004569 
 0.095083 0.000000 0.000000 0.000000 0.015422 
 0.095167 0.000000 0.000000 0.000000 0.015776 
 0.095250 0.000000 0.000000 0.000000 0.015776 
 0.095333 0.000000 0.000000 0.000000 -0.005613 
 0.095417 0.000000 0.000000 0.000000 0.004524 
 0.095500 0.000000 0.000000 0.000000 -0.006007 
 0.095583 0.000000 0.000000 0.000000 -0.016927 
 0.095667 0.000000 0.000000 0.000000 -0.016469 
 0.095750 0.000000 0.000000 0.000000 -0.006465 
 0.095833 0.000000 0.000000 0.000000 -0.016968 
 0.095917 0.000000 0.000000 0.000000 -0.016968 
 0.096000 0.000000 0.000000 0.000000 -0.037821 
 0.096083 0.000000 0.000000 0.000000 -0.027950 
 0.096167 0.000000 0.000000 0.000000 -0.016989 
 0.096250 0.000000 0.000000 0.000000 -0.006573 
 0.096333 0.000000 0.000000 0.000000 -0.016436 
 0.096417 0.000000 0.000000 0.000000 -0.017009 
 0.096500 0.000000 0.000000 0.000000 -0.036596 
 0.096583 0.000000 0.000000 0.000000 -0.016428 
 0.096667 0.000000 0.000000 0.000000 -0.016411 
 0.096750 0.000000 0.000000 0.000000 -0.015752 
 0.096833 0.000000 0.000000 0.000000 0.004319 
 0.096917 0.000000 0.000000 0.000000 -0.005420 
 0.097000 0.000000 0.000000 0.000000 0.004961 
 0.097083 0.000000 0.000000 0.000000 0.004274 
 0.097167 0.000000 0.000000 0.000000 0.002815 
 0.097250 0.000000 0.000000 0.000000 -0.006789 
 0.097333 0.000000 0.000000 0.000000 -0.006079 
 0.097417 0.000000 0.000000 0.000000 -0.005333 
 0.097500 0.000000 0.000000 0.000000 -0.024343 
 0.097583 0.000000 0.000000 0.000000 -0.006086 
 0.097667 0.000000 0.000000 0.000000 -0.014759 
 0.097750 0.000000 0.000000 0.000000 -0.015563 
 0.097833 0.000000 0.000000 0.000000 0.004158 
 0.097917 0.000000 0.000000 0.000000 -0.016357 
 0.098000 0.000000 0.000000 0.000000 -0.028278 
 0.098083 0.000000 0.000000 0.000000 -0.028278 
 0.098167 0.000000 0.000000 0.000000 -0.028342 
 0.098250 0.000000 0.000000 0.000000 -0.008781 
 0.098333 0.000000 0.000000 0.000000 -0.008022 
 0.098417 0.000000 0.000000 0.000000 -0.007074 
 0.098500 0.000000 0.000000 0.000000 -0.007039 
 0.098583 0.000000 0.000000 0.000000 -0.016329 
 0.098667 0.000000 0.000000 0.000000 -0.008084 
 0.098750 0.000000 0.000000 0.000000 -0.006134 
 0.098833 0.000000 0.000000 0.000000 -0.014362 
 0.098917 0.000000 0.000000 0.000000 -0.016310 
 0.099000 0.000000 0.000000 0.000000 -0.007144 
 0.099083 0.000000 0.000000 0.000000 -0.007144 
 0.099167 0.000000 0.000000 0.000000 0.003973 
 0.099250 0.000000 0.000000 0.000000 -0.006154 
 0.099333 0.000000 0.000000 0.000000 -0.005093 
 0.099417 0.000000 0.000000 0.000000 -0.016281 
 0.099500 0.000000 0.000000 0.000000 -0.016271 
 0.099583 0.000000 0.000000 0.000000 -0.017361 
 0.099667 0.000000 0.000000 0.000000 -0.025290 
 0.099750 0.000000 0.000000 0.000000 -0.006161 
 0.099833 0.000000 0.000000 0.000000 0.002758 
 0.099917 0.000000 0.000000 0.000000 -0.016251 
 0.100000 0.000000 0.000000 0.000000 -0.005027 
 0.100083 0.000000 0.000000 0.000000 -0.006174 
 0.100167 0.000000 0.000000 0.000000 -0.016241 
 0.100250 0.000000 0.000000 0.000000 -0.016241 
 0.100333 0.000000 0.000000 0.000000 -0.006187 
 0.100417 0.000000 0.000000 0.000000 -0.016230 
 0.100500 0.000000 0.000000 0.000000 0.001367 
 0.100583 0.000000 0.000000 0.000000 -0.006193 
 0.100667 0.000000 0.000000 0.000000 -0.006200 
 0.100750 0.000000 0.000000 0.000000 -0.024957 
 0.100833 0.000000 0.000000 0.000000 -0.027482 
 0.100917 0.000000 0.000000 0.000000 -0.014908 
 0.101000 0.000000 0.000000 0.000000 -0.006199 
 0.101083 0.000000 0.000000 0.000000 0.005072 
 0.101167 0.000000 0.000000 0.000000 0.003787 
 0.101250 0.000000 0.000000 0.000000 -0.016199 
 0.101333 0.000000 0.000000 0.000000 -0.014871 
 0.101417 0.000000 0.000000 0.000000 0.019763 
 0.101500 0.000000 0.000000 0.000000 -0.006219 
 0.101583 0.000000 0.000000 0.000000 -0.004872 
 0.101667 0.000000 0.000000 0.000000 -0.024675 
 0.101750 0.000000 0.000000 0.000000 -0.003422 
 0.101833 0.000000 0.000000 0.000000 -0.021967 
 0.101917 0.000000 0.000000 0.000000 -0.010648 
 0.102000 0.000000 0.000000 0.000000 -0.013281 
 0.102083 0.000000 0.000000 0.000000 -0.006237 
 0.102167 0.000000 0.000000 0.000000 -0.016134 
 0.102250 0.000000 0.000000 0.000000 -0.007706 
 0.102333 0.000000 0.000000 0.000000 -0.019059 
 0.102417 0.000000 0.000000 0.000000 -0.006244 
 0.102500 0.000000 0.000000 0.000000 0.002132 
 0.102583 0.000000 0.000000 0.000000 -0.019103 
 0.102667 0.000000 0.000000 0.000000 -0.010809 
 0.102750 0.000000 0.000000 0.000000 0.000564 
 0.102833 0.000000 0.000000 0.000000 0.002026 
 0.102917 0.000000 0.000000 0.000000 -0.006262 
 0.103000 0.000000 0.000000 0.000000 -0.004693 
 0.103083 0.000000 0.000000 0.000000 0.005128 
 0.103167 0.000000 0.000000 0.000000 -0.006274 
 0.103250 0.000000 0.000000 0.000000 -0.012868 
 0.103333 0.000000 0.000000 0.000000 0.005133 
 0.103417 0.000000 0.000000 0.000000 -0.003067 
 0.103500 0.000000 0.000000 0.000000 0.005137 
 0.103583 0.000000 0.000000 0.000000 0.005137 
 0.103667 0.000000 0.000000 0.000000 0.019894 
 0.103750 0.000000 0.000000 0.000000 -0.014392 
 0.103833 0.000000 0.000000 0.000000 -0.016054 
 0.103917 0.000000 0.000000 0.000000 -0.016054 
 0.104000 0.000000 0.000000 0.000000 -0.014429 
 0.104083 0.000000 0.000000 0.000000 -0.014429 
 0.104167 0.000000 0.000000 0.000000 -0.004578 
 0.104250 0.000000 0.000000 0.000000 -0.002859 
 0.104333 0.000000 0.000000 0.000000 0.003411 
 0.104417 0.000000 0.000000 0.000000 -0.016018 
 0.104500 0.000000 0.000000 0.000000 0.003432 
 0.104583 0.000000 0.000000 0.000000 -0.000011 
 0.104667 0.000000 0.000000 0.000000 -0.006310 
 0.104750 0.000000 0.000000 0.000000 -0.006310 
 0.104833 0.000000 0.000000 0.000000 -0.014232 
 0.104917 0.000000 0.000000 0.000000 -0.017780 
 0.105000 0.000000 0.000000 0.000000 -0.017813 
 0.105083 0.000000 0.000000 0.000000 -0.017813 
 0.105167 0.000000 0.000000 0.000000 -0.006321 
 0.105250 0.000000 0.000000 0.000000 -0.006321 
 0.105333 0.000000 0.000000 0.000000 0.016679 
 0.105417 0.000000 0.000000 0.000000 -0.002606 
 0.105500 0.000000 0.000000 0.000000 0.012918 
 0.105583 0.000000 0.000000 0.000000 0.003293 
 0.105667 0.000000 0.000000 0.000000 -0.006343 
 0.105750 0.000000 0.000000 0.000000 0.005190 
 0.105833 0.000000 0.000000 0.000000 0.003220 
 0.105917 0.000000 0.000000 0.000000 0.003220 
 0.106000 0.000000 0.000000 0.000000 0.022291 
 0.106083 0.000000 0.000000 0.000000 -0.006343 
 0.106167 0.000000 0.000000 0.000000 0.005194 
 0.106250 0.000000 0.000000 0.000000 -0.002401 
 0.106333 0.000000 0.000000 0.000000 -0.002401 
 0.106417 0.000000 0.000000 0.000000 -0.009997 
 0.106500 0.000000 0.000000 0.000000 -0.006360 
 0.106583 0.000000 0.000000 0.000000 -0.000273 
 0.106667 0.000000 0.000000 0.000000 -0.013865 
 0.106750 0.000000 0.000000 0.000000 -0.004331 
 0.106833 0.000000 0.000000 0.000000 0.009383 
 0.106917 0.000000 0.000000 0.000000 0.014709 
 0.107000 0.000000 0.000000 0.000000 0.022117 
 0.107083 0.000000 0.000000 0.000000 -0.004284 
 0.107167 0.000000 0.000000 0.000000 -0.017955 
 0.107250 0.000000 0.000000 0.000000 -0.006371 
 0.107333 0.000000 0.000000 0.000000 -0.002145 
 0.107417 0.000000 0.000000 0.000000 -0.013739 
 0.107500 0.000000 0.000000 0.000000 -0.004238 
 0.107583 0.000000 0.000000 0.000000 -0.013697 
 0.107667 0.000000 0.000000 0.000000 -0.004217 
 0.107750 0.000000 0.000000 0.000000 -0.013658 
 0.107833 0.000000 0.000000 0.000000 -0.015828 
 0.107917 0.000000 0.000000 0.000000 -0.012904 
 0.108000 0.000000 0.000000 0.000000 -0.020258 
 0.108083 0.000000 0.000000 0.000000 -0.008626 
 0.108167 0.000000 0.000000 0.000000 0.019589 
 0.108250 0.000000 0.000000 0.000000 0.014638 
 0.108333 0.000000 0.000000 0.000000 0.026264 
 0.108417 0.000000 0.000000 0.000000 0.019137 
 0.108500 0.000000 0.000000 0.000000 0.005243 
 0.108583 0.000000 0.000000 0.000000 -0.006408 
 0.108667 0.000000 0.000000 0.000000 -0.004122 
 0.108750 0.000000 0.000000 0.000000 -0.006409 
 0.108833 0.000000 0.000000 0.000000 -0.006418 
 0.108917 0.000000 0.000000 0.000000 0.002911 
 0.109000 0.000000 0.000000 0.000000 -0.004056 
 0.109083 0.000000 0.000000 0.000000 -0.004056 
 0.109167 0.000000 0.000000 0.000000 -0.010998 
 0.109250 0.000000 0.000000 0.000000 0.000680 
 0.109333 0.000000 0.000000 0.000000 0.007659 
 0.109417 0.000000 0.000000 0.000000 -0.001630 
 0.109500 0.000000 0.000000 0.000000 -0.004031 
 0.109583 0.000000 0.000000 0.000000 0.007356 
 0.109667 0.000000 0.000000 0.000000 0.002839 
 0.109750 0.000000 0.000000 0.000000 0.000415 
 0.109833 0.000000 0.000000 0.000000 -0.015691 
 0.109917 0.000000 0.000000 0.000000 -0.006439 
 0.110000 0.000000 0.000000 0.000000 -0.008926 
 0.110083 0.000000 0.000000 0.000000 -0.006444 
 0.110167 0.000000 0.000000 0.000000 0.007058 
 0.110250 0.000000 0.000000 0.000000 -0.015676 
 0.110333 0.000000 0.000000 0.000000 -0.015649 
 0.110417 0.000000 0.000000 0.000000 -0.006453 
 0.110500 0.000000 0.000000 0.000000 0.000203 
 0.110583 0.000000 0.000000 0.000000 0.014474 
 0.110667 0.000000 0.000000 0.000000 0.011973 
 0.110750 0.000000 0.000000 0.000000 0.005276 
 0.110833 0.000000 0.000000 0.000000 0.007879 
 0.110917 0.000000 0.000000 0.000000 -0.001278 
 0.111000 0.000000 0.000000 0.000000 -0.006463 
 0.111083 0.000000 0.000000 0.000000 0.000099 
 0.111167 0.000000 0.000000 0.000000 0.002671 
 0.111250 0.000000 0.000000 0.000000 -0.003847 
 0.111333 0.000000 0.000000 0.000000 -0.003842 
 0.111417 0.000000 0.000000 0.000000 -0.003842 
 0.111500 0.000000 0.000000 0.000000 0.009046 
 0.111583 0.000000 0.000000 0.000000 -0.009153 
 0.111667 0.000000 0.000000 0.000000 -0.018265 
 0.111750 0.000000 0.000000 0.000000 -0.009185 
 0.111833 0.000000 0.000000 0.000000 0.008041 
 0.111917 0.000000 0.000000 0.000000 0.005307 
 0.112000 0.000000 0.000000 0.000000 -0.003752 
 0.112083 0.000000 0.000000 0.000000 -0.021870 
 0.112167 0.000000 0.000000 0.000000 -0.027331 
 0.112250 0.000000 0.000000 0.000000 -0.018292 
 0.112333 0.000000 0.000000 0.000000 -0.012015 
 0.112417 0.000000 0.000000 0.000000 0.011587 
 0.112500 0.000000 0.000000 0.000000 0.002524 
 0.112583 0.000000 0.000000 0.000000 -0.000266 
 0.112667 0.000000 0.000000 0.000000 -0.003725 
 0.112750 0.000000 0.000000 0.000000 -0.012762 
 0.112833 0.000000 0.000000 0.000000 -0.006503 
 0.112917 0.000000 0.000000 0.000000 0.005320 
 0.113000 0.000000 0.000000 0.000000 0.002476 
 0.113083 0.000000 0.000000 0.000000 0.008610 
 0.113167 0.000000 0.000000 0.000000 0.011412 
 0.113250 0.000000 0.000000 0.000000 0.005325 
 0.113333 0.000000 0.000000 0.000000 0.005329 
 0.113417 0.000000 0.000000 0.000000 0.005329 
 0.113500 0.000000 0.000000 0.000000 0.008528 
 0.113583 0.000000 0.000000 0.000000 -0.003588 
 0.113667 0.000000 0.000000 0.000000 0.008389 
 0.113750 0.000000 0.000000 0.000000 0.008389 
 0.113833 0.000000 0.000000 0.000000 -0.000612 
 0.113917 0.000000 0.000000 0.000000 0.005335 
 0.114000 0.000000 0.000000 0.000000 -0.012422 
 0.114083 0.000000 0.000000 0.000000 -0.024288 
 0.114167 0.000000 0.000000 0.000000 -0.021303 
 0.114250 0.000000 0.000000 0.000000 -0.009438 
 0.114333 0.000000 0.000000 0.000000 -0.018136 
 0.114417 0.000000 0.000000 0.000000 -0.012056 
 0.114500 0.000000 0.000000 0.000000 -0.000403 
 0.114583 0.000000 0.000000 0.000000 -0.015359 
 0.114667 0.000000 0.000000 0.000000 -0.003493 
 0.114750 0.000000 0.000000 0.000000 0.005346 
 0.114833 0.000000 0.000000 0.000000 0.005353 
 0.114917 0.000000 0.000000 0.000000 -0.003449 
 0.115000 0.000000 0.000000 0.000000 -0.000348 
 0.115083 0.000000 0.000000 0.000000 0.002255 
 0.115167 0.000000 0.000000 0.000000 0.002209 
 0.115250 0.000000 0.000000 0.000000 0.002209 
 0.115333 0.000000 0.000000 0.000000 0.005360 
 0.115417 0.000000 0.000000 0.000000 -0.006552 
 0.115500 0.000000 0.000000 0.000000 -0.007351 
 0.115583 0.000000 0.000000 0.000000 -0.000994 
 0.115667 0.000000 0.000000 0.000000 -0.000994 
 0.115750 0.000000 0.000000 0.000000 -0.000994 
 0.115833 0.000000 0.000000 0.000000 0.005363 
 0.115917 0.000000 0.000000 0.000000 -0.003377 
 0.116000 0.000000 0.000000 0.000000 -0.003327 
 0.116083 0.000000 0.000000 0.000000 -0.009800 
 0.116167 0.000000 0.000000 0.000000 -0.015279 
 0.116250 0.000000 0.000000 0.000000 0.012288 
 0.116333 0.000000 0.000000 0.000000 -0.009828 
 0.116417 0.000000 0.000000 0.000000 -0.003306 
 0.116500 0.000000 0.000000 0.000000 -0.016351 
 0.116583 0.000000 0.000000 0.000000 -0.003306 
 0.116667 0.000000 0.000000 0.000000 -0.003282 
 0.116750 0.000000 0.000000 0.000000 0.005376 
 0.116833 0.000000 0.000000 0.000000 0.008695 
 0.116917 0.000000 0.000000 0.000000 0.005379 
 0.117000 0.000000 0.000000 0.000000 0.008726 
 0.117083 0.000000 0.000000 0.000000 -0.011852 
 0.117167 0.000000 0.000000 0.000000 0.003453 
 0.117250 0.000000 0.000000 0.000000 0.005382 
 0.117333 0.000000 0.000000 0.000000 -0.008437 
 0.117417 0.000000 0.000000 0.000000 -0.011808 
 0.117500 0.000000 0.000000 0.000000 -0.008365 
 0.117583 0.000000 0.000000 0.000000 -0.008365 
 0.117667 0.000000 0.000000 0.000000 -0.006590 
 0.117750 0.000000 0.000000 0.000000 -0.010019 
 0.117833 0.000000 0.000000 0.000000 -0.010016 
 0.117917 0.000000 0.000000 0.000000 -0.011739 
 0.118000 0.000000 0.000000 0.000000 -0.013501 
 0.118083 0.000000 0.000000 0.000000 -0.020408 
 0.118167 0.000000 0.000000 0.000000 -0.013559 
 0.118250 0.000000 0.000000 0.000000 -0.010078 
 0.118333 0.000000 0.000000 0.000000 -0.013623 
 0.118417 0.000000 0.000000 0.000000 -0.005132 
 0.118500 0.000000 0.000000 0.000000 0.001892 
 0.118583 0.000000 0.000000 0.000000 0.005400 
 0.118667 0.000000 0.000000 0.000000 0.005406 
 0.118750 0.000000 0.000000 0.000000 0.020983 
 0.118833 0.000000 0.000000 0.000000 0.008939 
 0.118917 0.000000 0.000000 0.000000 0.005403 
 0.119000 0.000000 0.000000 0.000000 0.005409 
 0.119083 0.000000 0.000000 0.000000 0.005409 
 0.119167 0.000000 0.000000 0.000000 -0.006608 
 0.119250 0.000000 0.000000 0.000000 -0.007926 
 0.119333 0.000000 0.000000 0.000000 0.000574 
 0.119417 0.000000 0.000000 0.000000 0.000574 
 0.119500 0.000000 0.000000 0.000000 -0.002995 
 0.119583 0.000000 0.000000 0.000000 -0.015023 
 0.119667 0.000000 0.000000 0.000000 -0.013803 
 0.119750 0.000000 0.000000 0.000000 0.005410 
 0.119833 0.000000 0.000000 0.000000 -0.002971 
 0.119917 0.000000 0.000000 0.000000 -0.000789 
 0.120000 0.000000 0.000000 0.000000 -0.010266 
 0.120083 0.000000 0.000000 0.000000 -0.006619 
 0.120167 0.000000 0.000000 0.000000 -0.014989 
 0.120250 0.000000 0.000000 0.000000 -0.006622 
 0.120333 0.000000 0.000000 0.000000 0.001697 
 0.120417 0.000000 0.000000 0.000000 0.001697 
 0.120500 0.000000 0.000000 0.000000 0.002649 
 0.120583 0.000000 0.000000 0.000000 0.001716 
 0.120667 0.000000 0.000000 0.000000 0.001697 
 0.120750 0.000000 0.000000 0.000000 -0.006628 
 0.120833 0.000000 0.000000 0.000000 -0.002900 
 0.120917 0.000000 0.000000 0.000000 -0.002900 
 0.121000 0.000000 0.000000 0.000000 0.009182 
 0.121083 0.000000 0.000000 0.000000 -0.006632 
 0.121167 0.000000 0.000000 0.000000 -0.014916 
 0.121250 0.000000 0.000000 0.000000 -0.014916 
 0.121333 0.000000 0.000000 0.000000 -0.010449 
 0.121417 0.000000 0.000000 0.000000 -0.002828 
 0.121500 0.000000 0.000000 0.000000 -0.010452 
 0.121583 0.000000 0.000000 0.000000 -0.014896 
 0.121667 0.000000 0.000000 0.000000 -0.011042 
 0.121750 0.000000 0.000000 0.000000 -0.007204 
 0.121833 0.000000 0.000000 0.000000 -0.019280 
 0.121917 0.000000 0.000000 0.000000 -0.006642 
 0.122000 0.000000 0.000000 0.000000 -0.018725 
 0.122083 0.000000 0.000000 0.000000 -0.018725 
 0.122167 0.000000 0.000000 0.000000 -0.018736 
 0.122250 0.000000 0.000000 0.000000 0.001545 
 0.122333 0.000000 0.000000 0.000000 -0.006648 
 0.122417 0.000000 0.000000 0.000000 -0.018332 
 0.122500 0.000000 0.000000 0.000000 -0.018744 
 0.122583 0.000000 0.000000 0.000000 -0.006651 
 0.122667 0.000000 0.000000 0.000000 0.001474 
 0.122750 0.000000 0.000000 0.000000 0.005446 
 0.122833 0.000000 0.000000 0.000000 -0.006651 
 0.122917 0.000000 0.000000 0.000000 -0.002730 
 0.123000 0.000000 0.000000 0.000000 -0.002684 
 0.123083 0.000000 0.000000 0.000000 -0.002684 
 0.123167 0.000000 0.000000 0.000000 0.009452 
 0.123250 0.000000 0.000000 0.000000 0.001244 
 0.123333 0.000000 0.000000 0.000000 0.005449 
 0.123417 0.000000 0.000000 0.000000 0.009339 
 0.123500 0.000000 0.000000 0.000000 0.001425 
 0.123583 0.000000 0.000000 0.000000 -0.006663 
 0.123667 0.000000 0.000000 0.000000 -0.002658 
 0.123750 0.000000 0.000000 0.000000 0.005348 
 0.123833 0.000000 0.000000 0.000000 0.001390 
 0.123917 0.000000 0.000000 0.000000 -0.002671 
 0.124000 0.000000 0.000000 0.000000 -0.018751 
 0.124083 0.000000 0.000000 0.000000 -0.014734 
 0.124167 0.000000 0.000000 0.000000 -0.010722 
 0.124250 0.000000 0.000000 0.000000 -0.002610 
 0.124333 0.000000 0.000000 0.000000 -0.010722 
 0.124417 0.000000 0.000000 0.000000 -0.014729 
 0.124500 0.000000 0.000000 0.000000 -0.010632 
 0.124583 0.000000 0.000000 0.000000 -0.002705 
 0.124667 0.000000 0.000000 0.000000 0.013267 
 0.124750 0.000000 0.000000 0.000000 0.005250 
 0.124833 0.000000 0.000000 0.000000 0.001327 
 0.124917 0.000000 0.000000 0.000000 -0.014942 
 0.125000 0.000000 0.000000 0.000000 -0.010785 
 0.125083 0.000000 0.000000 0.000000 -0.006672 
 0.125167 0.000000 0.000000 0.000000 -0.006674 
 0.125250 0.000000 0.000000 0.000000 -0.002537 
 0.125333 0.000000 0.000000 0.000000 -0.010479 
 0.125417 0.000000 0.000000 0.000000 -0.010479 
 0.125500 0.000000 0.000000 0.000000 0.001272 
 0.125583 0.000000 0.000000 0.000000 0.009224 
 0.125667 0.000000 0.000000 0.000000 -0.002513 
 0.125750 0.000000 0.000000 0.000000 0.005463 
 0.125833 0.000000 0.000000 0.000000 0.005468 
 0.125917 0.000000 0.000000 0.000000 0.007001 
 0.126000 0.000000 0.000000 0.000000 0.001225 
 0.126083 0.000000 0.000000 0.000000 0.005470 
 0.126167 0.000000 0.000000 0.000000 -0.002973 
 0.126250 0.000000 0.000000 0.000000 -0.007194 
 0.126333 0.000000 0.000000 0.000000 -0.003596 
 0.126417 0.000000 0.000000 0.000000 -0.003019 
 0.126500 0.000000 0.000000 0.000000 -0.018270 
 0.126583 0.000000 0.000000 0.000000 -0.014598 
 0.126667 0.000000 0.000000 0.000000 -0.006691 
 0.126750 0.000000 0.000000 0.000000 0.001170 
 0.126833 0.000000 0.000000 0.000000 -0.010254 
 0.126917 0.000000 0.000000 0.000000 -0.002390 
 0.127000 0.000000 0.000000 0.000000 -0.010958 
 0.127083 0.000000 0.000000 0.000000 -0.014576 
 0.127167 0.000000 0.000000 0.000000 -0.018058 
 0.127250 0.000000 0.000000 0.000000 -0.018058 
 0.127333 0.000000 0.000000 0.000000 -0.010213 
 0.127417 0.000000 0.000000 0.000000 -0.010213 
 0.127500 0.000000 0.000000 0.000000 -0.002345 
 0.127583 0.000000 0.000000 0.000000 0.001127 
 0.127667 0.000000 0.000000 0.000000 -0.014518 
 0.127750 0.000000 0.000000 0.000000 -0.006695 
 0.127833 0.000000 0.000000 0.000000 -0.011046 
 0.127917 0.000000 0.000000 0.000000 0.004599 
 0.128000 0.000000 0.000000 0.000000 0.016780 
 0.128083 0.000000 0.000000 0.000000 0.013303 
 0.128167 0.000000 0.000000 0.000000 0.009889 
 0.128250 0.000000 0.000000 0.000000 0.009889 
 0.128333 0.000000 0.000000 0.000000 0.008850 
 0.128417 0.000000 0.000000 0.000000 -0.002293 
 0.128500 0.000000 0.000000 0.000000 -0.017776 
 0.128583 0.000000 0.000000 0.000000 -0.010022 
 0.128667 0.000000 0.000000 0.000000 -0.011133 
 0.128750 0.000000 0.000000 0.000000 -0.007807 
 0.128833 0.000000 0.000000 0.000000 0.001075 
 0.128917 0.000000 0.000000 0.000000 0.005482 
 0.129000 0.000000 0.000000 0.000000 0.005484 
 0.129083 0.000000 0.000000 0.000000 0.002164 
 0.129167 0.000000 0.000000 0.000000 -0.014436 
 0.129250 0.000000 0.000000 0.000000 -0.002245 
 0.129333 0.000000 0.000000 0.000000 -0.002221 
 0.129417 0.000000 0.000000 0.000000 0.006752 
 0.129500 0.000000 0.000000 0.000000 -0.006707 
 0.129583 0.000000 0.000000 0.000000 -0.006707 
 0.129667 0.000000 0.000000 0.000000 -0.006709 
 0.129750 0.000000 0.000000 0.000000 0.000980 
 0.129833 0.000000 0.000000 0.000000 -0.002200 
 0.129917 0.000000 0.000000 0.000000 -0.014399 
 0.130000 0.000000 0.000000 0.000000 -0.014396 
 0.130083 0.000000 0.000000 0.000000 -0.011223 
 0.130167 0.000000 0.000000 0.000000 -0.011248 
 0.130250 0.000000 0.000000 0.000000 -0.006712 
 0.130333 0.000000 0.000000 0.000000 0.004223 
 0.130417 0.000000 0.000000 0.000000 -0.003485 
 0.130500 0.000000 0.000000 0.000000 -0.005224 
 0.130583 0.000000 0.000000 0.000000 -0.003638 
 0.130667 0.000000 0.000000 0.000000 -0.015846 
 0.130750 0.000000 0.000000 0.000000 -0.008204 
 0.130833 0.000000 0.000000 0.000000 -0.003683 
 0.130917 0.000000 0.000000 0.000000 -0.003683 
 0.131000 0.000000 0.000000 0.000000 -0.002127 
 0.131083 0.000000 0.000000 0.000000 -0.002127 
 0.131167 0.000000 0.000000 0.000000 -0.005078 
 0.131250 0.000000 0.000000 0.000000 -0.005078 
 0.131333 0.000000 0.000000 0.000000 -0.002097 
 0.131417 0.000000 0.000000 0.000000 -0.005068 
 0.131500 0.000000 0.000000 0.000000 -0.006719 
 0.131583 0.000000 0.000000 0.000000 -0.002097 
 0.131667 0.000000 0.000000 0.000000 0.000829 
 0.131750 0.000000 0.000000 0.000000 -0.003842 
 0.131833 0.000000 0.000000 0.000000 0.017717 
 0.131917 0.000000 0.000000 0.000000 0.010143 
 0.132000 0.000000 0.000000 0.000000 0.002563 
 0.132083 0.000000 0.000000 0.000000 -0.011362 
 0.132167 0.000000 0.000000 0.000000 -0.011394 
 0.132250 0.000000 0.000000 0.000000 -0.015364 
 0.132333 0.000000 0.000000 0.000000 -0.018956 
 0.132417 0.000000 0.000000 0.000000 -0.018956 
 0.132500 0.000000 0.000000 0.000000 -0.003835 
 0.132583 0.000000 0.000000 0.000000 -0.003835 
 0.132667 0.000000 0.000000 0.000000 -0.002027 
 0.132750 0.000000 0.000000 0.000000 0.005502 
 0.132833 0.000000 0.000000 0.000000 0.000780 
 0.132917 0.000000 0.000000 0.000000 0.003563 
 0.133000 0.000000 0.000000 0.000000 0.020510 
 0.133083 0.000000 0.000000 0.000000 -0.006727 
 0.133167 0.000000 0.000000 0.000000 -0.001975 
 0.133250 0.000000 0.000000 0.000000 0.005505 
 0.133333 0.000000 0.000000 0.000000 -0.006728 
 0.133417 0.000000 0.000000 0.000000 -0.009469 
 0.133500 0.000000 0.000000 0.000000 -0.014212 
 0.133583 0.000000 0.000000 0.000000 -0.006728 
 0.133667 0.000000 0.000000 0.000000 -0.009422 
 0.133750 0.000000 0.000000 0.000000 -0.006730 
 0.133833 0.000000 0.000000 0.000000 -0.006730 
 0.133917 0.000000 0.000000 0.000000 -0.004639 
 0.134000 0.000000 0.000000 0.000000 0.002872 
 0.134083 0.000000 0.000000 0.000000 0.000706 
 0.134167 0.000000 0.000000 0.000000 0.000731 
 0.134250 0.000000 0.000000 0.000000 -0.008821 
 0.134333 0.000000 0.000000 0.000000 -0.008985 
 0.134417 0.000000 0.000000 0.000000 -0.006734 
 0.134500 0.000000 0.000000 0.000000 0.000678 
 0.134583 0.000000 0.000000 0.000000 0.005510 
 0.134667 0.000000 0.000000 0.000000 0.005511 
 0.134750 0.000000 0.000000 0.000000 0.008050 
 0.134833 0.000000 0.000000 0.000000 -0.001882 
 0.134917 0.000000 0.000000 0.000000 0.000657 
 0.135000 0.000000 0.000000 0.000000 -0.001878 
 0.135083 0.000000 0.000000 0.000000 -0.004410 
 0.135167 0.000000 0.000000 0.000000 -0.011618 
 0.135250 0.000000 0.000000 0.000000 0.008002 
 0.135333 0.000000 0.000000 0.000000 0.015292 
 0.135417 0.000000 0.000000 0.000000 -0.001830 
 0.135500 0.000000 0.000000 0.000000 0.005513 
 0.135583 0.000000 0.000000 0.000000 -0.011622 
 0.135667 0.000000 0.000000 0.000000 -0.018996 
 0.135750 0.000000 0.000000 0.000000 -0.011669 
 0.135833 0.000000 0.000000 0.000000 -0.004298 
 0.135917 0.000000 0.000000 0.000000 -0.014086 
 0.136000 0.000000 0.000000 0.000000 0.000601 
 0.136083 0.000000 0.000000 0.000000 0.000601 
 0.136167 0.000000 0.000000 0.000000 -0.006741 
 0.136250 0.000000 0.000000 0.000000 0.005515 
 0.136333 0.000000 0.000000 0.000000 0.012815 
 0.136417 0.000000 0.000000 0.000000 -0.001781 
 0.136500 0.000000 0.000000 0.000000 0.005515 
 0.136583 0.000000 0.000000 0.000000 0.005515 
 0.136667 0.000000 0.000000 0.000000 -0.011701 
 0.136750 0.000000 0.000000 0.000000 -0.004400 
 0.136833 0.000000 0.000000 0.000000 -0.014041 
 0.136917 0.000000 0.000000 0.000000 -0.004117 
 0.137000 0.000000 0.000000 0.000000 -0.001757 
 0.137083 0.000000 0.000000 0.000000 -0.006744 
 0.137167 0.000000 0.000000 0.000000 0.005518 
 0.137250 0.000000 0.000000 0.000000 0.003231 
 0.137333 0.000000 0.000000 0.000000 -0.006746 
 0.137417 0.000000 0.000000 0.000000 -0.006746 
 0.137500 0.000000 0.000000 0.000000 -0.014016 
 0.137583 0.000000 0.000000 0.000000 -0.006745 
 0.137667 0.000000 0.000000 0.000000 -0.004608 
 0.137750 0.000000 0.000000 0.000000 -0.006749 
 0.137833 0.000000 0.000000 0.000000 -0.001732 
 0.137917 0.000000 0.000000 0.000000 -0.006746 
 0.138000 0.000000 0.000000 0.000000 0.000457 
 0.138083 0.000000 0.000000 0.000000 0.007662 
 0.138167 0.000000 0.000000 0.000000 0.007717 
 0.138250 0.000000 0.000000 0.000000 -0.002355 
 0.138333 0.000000 0.000000 0.000000 -0.005567 
 0.138417 0.000000 0.000000 0.000000 0.007615 
 0.138500 0.000000 0.000000 0.000000 0.000453 
 0.138583 0.000000 0.000000 0.000000 0.005522 
 0.138667 0.000000 0.000000 0.000000 -0.008842 
 0.138750 0.000000 0.000000 0.000000 -0.011841 
 0.138833 0.000000 0.000000 0.000000 -0.003741 
 0.138917 0.000000 0.000000 0.000000 -0.018099 
 0.139000 0.000000 0.000000 0.000000 -0.016025 
 0.139083 0.000000 0.000000 0.000000 -0.001659 
 0.139167 0.000000 0.000000 0.000000 -0.001635 
 0.139250 0.000000 0.000000 0.000000 -0.006752 
 0.139333 0.000000 0.000000 0.000000 -0.001635 
 0.139417 0.000000 0.000000 0.000000 0.003482 
 0.139500 0.000000 0.000000 0.000000 0.003439 
 0.139583 0.000000 0.000000 0.000000 0.003439 
 0.139667 0.000000 0.000000 0.000000 -0.006753 
 0.139750 0.000000 0.000000 0.000000 -0.011896 
 0.139833 0.000000 0.000000 0.000000 0.008674 
 0.139917 0.000000 0.000000 0.000000 0.010668 
 0.140000 0.000000 0.000000 0.000000 0.005525 
 0.140083 0.000000 0.000000 0.000000 -0.004759 
 0.140167 0.000000 0.000000 0.000000 -0.015044 
 0.140250 0.000000 0.000000 0.000000 -0.009902 
 0.140333 0.000000 0.000000 0.000000 -0.001583 
 0.140417 0.000000 0.000000 0.000000 -0.004817 
 0.140500 0.000000 0.000000 0.000000 -0.011927 
 0.140583 0.000000 0.000000 0.000000 -0.024208 
 0.140667 0.000000 0.000000 0.000000 -0.019040 
 0.140750 0.000000 0.000000 0.000000 0.000330 
 0.140833 0.000000 0.000000 0.000000 -0.001555 
 0.140917 0.000000 0.000000 0.000000 -0.005318 
 0.141000 0.000000 0.000000 0.000000 0.010725 
 0.141083 0.000000 0.000000 0.000000 0.008837 
 0.141167 0.000000 0.000000 0.000000 0.003632 
 0.141250 0.000000 0.000000 0.000000 0.005528 
 0.141333 0.000000 0.000000 0.000000 -0.001534 
 0.141417 0.000000 0.000000 0.000000 -0.006757 
 0.141500 0.000000 0.000000 0.000000 -0.001579 
 0.141583 0.000000 0.000000 0.000000 -0.006755 
 0.141667 0.000000 0.000000 0.000000 -0.006757 
 0.141750 0.000000 0.000000 0.000000 0.005529 
 0.141833 0.000000 0.000000 0.000000 0.000285 
 0.141917 0.000000 0.000000 0.000000 -0.006758 
 0.142000 0.000000 0.000000 0.000000 -0.004960 
 0.142083 0.000000 0.000000 0.000000 -0.017249 
 0.142167 0.000000 0.000000 0.000000 -0.012007 
 0.142250 0.000000 0.000000 0.000000 -0.006759 
 0.142333 0.000000 0.000000 0.000000 0.005531 
 0.142417 0.000000 0.000000 0.000000 -0.013776 
 0.142500 0.000000 0.000000 0.000000 -0.012038 
 0.142583 0.000000 0.000000 0.000000 -0.001482 
 0.142667 0.000000 0.000000 0.000000 -0.013757 
 0.142750 0.000000 0.000000 0.000000 -0.006761 
 0.142833 0.000000 0.000000 0.000000 0.003789 
 0.142917 0.000000 0.000000 0.000000 -0.010244 
 0.143000 0.000000 0.000000 0.000000 0.005532 
 0.143083 0.000000 0.000000 0.000000 -0.013751 
 0.143167 0.000000 0.000000 0.000000 0.007232 
 0.143250 0.000000 0.000000 0.000000 0.010828 
 0.143333 0.000000 0.000000 0.000000 0.000204 
 0.143417 0.000000 0.000000 0.000000 -0.001433 
 0.143500 0.000000 0.000000 0.000000 -0.006761 
 0.143583 0.000000 0.000000 0.000000 -0.001461 
 0.143667 0.000000 0.000000 0.000000 0.003889 
 0.143750 0.000000 0.000000 0.000000 -0.003081 
 0.143833 0.000000 0.000000 0.000000 -0.001433 
 0.143917 0.000000 0.000000 0.000000 0.000204 
 0.144000 0.000000 0.000000 0.000000 0.001851 
 0.144083 0.000000 0.000000 0.000000 -0.005118 
 0.144167 0.000000 0.000000 0.000000 0.000186 
 0.144250 0.000000 0.000000 0.000000 -0.001416 
 0.144333 0.000000 0.000000 0.000000 -0.010519 
 0.144417 0.000000 0.000000 0.000000 -0.017465 
 0.144500 0.000000 0.000000 0.000000 -0.012114 
 0.144583 0.000000 0.000000 0.000000 0.000183 
 0.144667 0.000000 0.000000 0.000000 -0.001409 
 0.144750 0.000000 0.000000 0.000000 -0.008351 
 0.144833 0.000000 0.000000 0.000000 -0.006764 
 0.144917 0.000000 0.000000 0.000000 -0.012122 
 0.145000 0.000000 0.000000 0.000000 -0.013664 
 0.145083 0.000000 0.000000 0.000000 -0.017569 
 0.145167 0.000000 0.000000 0.000000 -0.013683 
 0.145250 0.000000 0.000000 0.000000 -0.008303 
 0.145333 0.000000 0.000000 0.000000 -0.008318 
 0.145417 0.000000 0.000000 0.000000 0.003981 
 0.145500 0.000000 0.000000 0.000000 0.005535 
 0.145583 0.000000 0.000000 0.000000 0.000141 
 0.145667 0.000000 0.000000 0.000000 0.000134 
 0.145750 0.000000 0.000000 0.000000 0.000134 
 0.145833 0.000000 0.000000 0.000000 -0.006765 
 0.145917 0.000000 0.000000 0.000000 0.000134 
 0.146000 0.000000 0.000000 0.000000 0.012431 
 0.146083 0.000000 0.000000 0.000000 0.007025 
 0.146167 0.000000 0.000000 0.000000 0.000113 
 0.146250 0.000000 0.000000 0.000000 -0.006766 
 0.146333 0.000000 0.000000 0.000000 -0.006766 
 0.146417 0.000000 0.000000 0.000000 0.004096 
 0.146500 0.000000 0.000000 0.000000 0.004038 
 0.146583 0.000000 0.000000 0.000000 -0.002861 
 0.146667 0.000000 0.000000 0.000000 0.004038 
 0.146750 0.000000 0.000000 0.000000 -0.022060 
 0.146833 0.000000 0.000000 0.000000 -0.013616 
 0.146917 0.000000 0.000000 0.000000 -0.012224 
 0.147000 0.000000 0.000000 0.000000 -0.006766 
 0.147083 0.000000 0.000000 0.000000 0.000109 
 0.147167 0.000000 0.000000 0.000000 0.001472 
 0.147250 0.000000 0.000000 0.000000 -0.006767 
 0.147333 0.000000 0.000000 0.000000 -0.010797 
 0.147417 0.000000 0.000000 0.000000 -0.001287 
 0.147500 0.000000 0.000000 0.000000 -0.008159 
 0.147583 0.000000 0.000000 0.000000 -0.008159 
 0.147667 0.000000 0.000000 0.000000 -0.008159 
 0.147750 0.000000 0.000000 0.000000 0.005537 
 0.147833 0.000000 0.000000 0.000000 0.005537 
 0.147917 0.000000 0.000000 0.000000 0.005537 
 0.148000 0.000000 0.000000 0.000000 0.005537 
 0.148083 0.000000 0.000000 0.000000 0.000081 
 0.148167 0.000000 0.000000 0.000000 0.006888 
 0.148250 0.000000 0.000000 0.000000 0.005538 
 0.148333 0.000000 0.000000 0.000000 0.000085 
 0.148417 0.000000 0.000000 0.000000 0.005537 
 0.148500 0.000000 0.000000 0.000000 -0.006767 
 0.148583 0.000000 0.000000 0.000000 0.000085 
 0.148667 0.000000 0.000000 0.000000 -0.006766 
 0.148750 0.000000 0.000000 0.000000 0.002655 
 0.148833 0.000000 0.000000 0.000000 0.009752 
 0.148917 0.000000 0.000000 0.000000 0.000032 
 0.149000 0.000000 0.000000 0.000000 -0.006769 
 0.149083 0.000000 0.000000 0.000000 -0.012276 
 0.149167 0.000000 0.000000 0.000000 -0.012272 
 0.149250 0.000000 0.000000 0.000000 -0.013574 
 0.149333 0.000000 0.000000 0.000000 -0.013570 
 0.149417 0.000000 0.000000 0.000000 -0.012276 
 0.149500 0.000000 0.000000 0.000000 -0.005460 
 0.149583 0.000000 0.000000 0.000000 -0.013577 
 0.149667 0.000000 0.000000 0.000000 0.005538 
 0.149750 0.000000 0.000000 0.000000 -0.005468 
 0.149833 0.000000 0.000000 0.000000 -0.001266 
 0.149917 0.000000 0.000000 0.000000 0.001337 
 0.150000 0.000000 0.000000 0.000000 -0.006769 
 0.150083 0.000000 0.000000 0.000000 0.000032 
 0.150167 0.000000 0.000000 0.000000 -0.013547 
 0.150250 0.000000 0.000000 0.000000 0.000007 
 0.150333 0.000000 0.000000 0.000000 0.000032 
 0.150417 0.000000 0.000000 0.000000 0.000032 
 0.150500 0.000000 0.000000 0.000000 0.005539 
 0.150583 0.000000 0.000000 0.000000 -0.008015 
 0.150667 0.000000 0.000000 0.000000 -0.013524 
 0.150750 0.000000 0.000000 0.000000 -0.002409 
 0.150833 0.000000 0.000000 0.000000 -0.013551 
 0.150917 0.000000 0.000000 0.000000 -0.006770 
 0.151000 0.000000 0.000000 0.000000 -0.012306 
 0.151083 0.000000 0.000000 0.000000 0.005539 
 0.151167 0.000000 0.000000 0.000000 0.002394 
 0.151250 0.000000 0.000000 0.000000 0.005540 
 0.151333 0.000000 0.000000 0.000000 -0.003586 
 0.151417 0.000000 0.000000 0.000000 -0.001210 
 0.151500 0.000000 0.000000 0.000000 -0.012324 
 0.151583 0.000000 0.000000 0.000000 -0.017878 
 0.151667 0.000000 0.000000 0.000000 -0.011057 
 0.151750 0.000000 0.000000 0.000000 -0.006770 
 0.151833 0.000000 0.000000 0.000000 -0.000038 
 0.151917 0.000000 0.000000 0.000000 -0.006771 
 0.152000 0.000000 0.000000 0.000000 -0.000038 
 0.152083 0.000000 0.000000 0.000000 -0.005617 
 0.152167 0.000000 0.000000 0.000000 -0.000038 
 0.152250 0.000000 0.000000 0.000000 0.004386 
 0.152333 0.000000 0.000000 0.000000 -0.001213 
 0.152417 0.000000 0.000000 0.000000 -0.007967 
 0.152500 0.000000 0.000000 0.000000 -0.007926 
 0.152583 0.000000 0.000000 0.000000 -0.000038 
 0.152667 0.000000 0.000000 0.000000 0.005540 
 0.152750 0.000000 0.000000 0.000000 0.011093 
 0.152833 0.000000 0.000000 0.000000 -0.006772 
 0.152917 0.000000 0.000000 0.000000 -0.001169 
 0.153000 0.000000 0.000000 0.000000 -0.006771 
 0.153083 0.000000 0.000000 0.000000 -0.001217 
 0.153167 0.000000 0.000000 0.000000 0.005540 
 0.153250 0.000000 0.000000 0.000000 0.005540 
 0.153333 0.000000 0.000000 0.000000 0.005541 
 0.153417 0.000000 0.000000 0.000000 -0.007903 
 0.153500 0.000000 0.000000 0.000000 -0.007878 
 0.153583 0.000000 0.000000 0.000000 -0.000063 
 0.153667 0.000000 0.000000 0.000000 -0.006771 
 0.153750 0.000000 0.000000 0.000000 -0.002348 
 0.153833 0.000000 0.000000 0.000000 -0.005625 
 0.153917 0.000000 0.000000 0.000000 -0.005625 
 0.154000 0.000000 0.000000 0.000000 -0.012358 
 0.154083 0.000000 0.000000 0.000000 -0.012358 
 0.154167 0.000000 0.000000 0.000000 -0.011294 
 0.154250 0.000000 0.000000 0.000000 -0.005682 
 0.154333 0.000000 0.000000 0.000000 -0.012380 
 0.154417 0.000000 0.000000 0.000000 0.004443 
 0.154500 0.000000 0.000000 0.000000 0.022352 
 0.154583 0.000000 0.000000 0.000000 0.011145 
 0.154667 0.000000 0.000000 0.000000 0.016765 
 0.154750 0.000000 0.000000 0.000000 0.016765 
 0.154833 0.000000 0.000000 0.000000 -0.005625 
 0.154917 0.000000 0.000000 0.000000 -0.012354 
 0.155000 0.000000 0.000000 0.000000 -0.005625 
 0.155083 0.000000 0.000000 0.000000 -0.012354 
 0.155167 0.000000 0.000000 0.000000 -0.013459 
 0.155250 0.000000 0.000000 0.000000 -0.023659 
 0.155333 0.000000 0.000000 0.000000 -0.012380 
 0.155417 0.000000 0.000000 0.000000 -0.019086 
 0.155500 0.000000 0.000000 0.000000 -0.007863 
 0.155583 0.000000 0.000000 0.000000 -0.001161 
 0.155667 0.000000 0.000000 0.000000 0.003345 
 0.155750 0.000000 0.000000 0.000000 0.010051 
 0.155833 0.000000 0.000000 0.000000 -0.005724 
 0.155917 0.000000 0.000000 0.000000 -0.006773 
 0.156000 0.000000 0.000000 0.000000 -0.005674 
 0.156083 0.000000 0.000000 0.000000 -0.005674 
 0.156167 0.000000 0.000000 0.000000 0.018906 
 0.156250 0.000000 0.000000 0.000000 0.013273 
 0.156333 0.000000 0.000000 0.000000 0.005541 
 0.156417 0.000000 0.000000 0.000000 0.001031 
 0.156500 0.000000 0.000000 0.000000 0.004485 
 0.156583 0.000000 0.000000 0.000000 0.005542 
 0.156667 0.000000 0.000000 0.000000 0.005542 
 0.156750 0.000000 0.000000 0.000000 0.005542 
 0.156833 0.000000 0.000000 0.000000 -0.005724 
 0.156917 0.000000 0.000000 0.000000 -0.012406 
 0.157000 0.000000 0.000000 0.000000 -0.000091 
 0.157083 0.000000 0.000000 0.000000 -0.012406 
 0.157167 0.000000 0.000000 0.000000 -0.008790 
 0.157250 0.000000 0.000000 0.000000 -0.007782 
 0.157333 0.000000 0.000000 0.000000 -0.007741 
 0.157417 0.000000 0.000000 0.000000 -0.006774 
 0.157500 0.000000 0.000000 0.000000 -0.005732 
 0.157583 0.000000 0.000000 0.000000 -0.005732 
 0.157667 0.000000 0.000000 0.000000 -0.012432 
 0.157750 0.000000 0.000000 0.000000 -0.019090 
 0.157833 0.000000 0.000000 0.000000 -0.006772 
 0.157917 0.000000 0.000000 0.000000 -0.006772 
 0.158000 0.000000 0.000000 0.000000 -0.000091 
 0.158083 0.000000 0.000000 0.000000 -0.006773 
 0.158167 0.000000 0.000000 0.000000 -0.001112 
 0.158250 0.000000 0.000000 0.000000 0.005542 
 0.158333 0.000000 0.000000 0.000000 -0.002239 
 0.158417 0.000000 0.000000 0.000000 0.004459 
 0.158500 0.000000 0.000000 0.000000 -0.001120 
 0.158583 0.000000 0.000000 0.000000 0.012204 
 0.158667 0.000000 0.000000 0.000000 0.012200 
 0.158750 0.000000 0.000000 0.000000 0.006542 
 0.158833 0.000000 0.000000 0.000000 -0.005724 
 0.158917 0.000000 0.000000 0.000000 -0.019088 
 0.159000 0.000000 0.000000 0.000000 -0.018140 
 0.159083 0.000000 0.000000 0.000000 -0.005823 
 0.159167 0.000000 0.000000 0.000000 -0.030405 
 0.159250 0.000000 0.000000 0.000000 -0.001116 
 0.159333 0.000000 0.000000 0.000000 -0.002116 
 0.159417 0.000000 0.000000 0.000000 -0.002116 
 0.159500 0.000000 0.000000 0.000000 0.004542 
 0.159583 0.000000 0.000000 0.000000 0.012200 
 0.159667 0.000000 0.000000 0.000000 -0.000116 
 0.159750 0.000000 0.000000 0.000000 0.005542 
 0.159833 0.000000 0.000000 0.000000 -0.001120 
 0.159917 0.000000 0.000000 0.000000 -0.000112 
 0.160000 0.000000 0.000000 0.000000 0.000885 
 0.160083 0.000000 0.000000 0.000000 0.011200 
 0.160167 0.000000 0.000000 0.000000 -0.006774 
 0.160250 0.000000 0.000000 0.000000 -0.006774 
 0.160333 0.000000 0.000000 0.000000 -0.006774 
 0.160417 0.000000 0.000000 0.000000 0.005542 
 0.160500 0.000000 0.000000 0.000000 -0.007766 
 0.160583 0.000000 0.000000 0.000000 -0.001112 
 0.160667 0.000000 0.000000 0.000000 -0.000091 
 0.160750 0.000000 0.000000 0.000000 0.011175 
 0.160833 0.000000 0.000000 0.000000 0.004493 
 0.160917 0.000000 0.000000 0.000000 -0.006773 
 0.161000 0.000000 0.000000 0.000000 -0.000099 
 0.161083 0.000000 0.000000 0.000000 0.005068 
 0.161167 0.000000 0.000000 0.000000 -0.006774 
 0.161250 0.000000 0.000000 0.000000 -0.006774 
 0.161333 0.000000 0.000000 0.000000 0.011170 
 0.161417 0.000000 0.000000 0.000000 0.012227 
 0.161500 0.000000 0.000000 0.000000 0.005543 
 0.161583 0.000000 0.000000 0.000000 0.004584 
 0.161667 0.000000 0.000000 0.000000 -0.007774 
 0.161750 0.000000 0.000000 0.000000 -0.013432 
 0.161833 0.000000 0.000000 0.000000 -0.008774 
 0.161917 0.000000 0.000000 0.000000 -0.007774 
 0.162000 0.000000 0.000000 0.000000 -0.007766 
 0.162083 0.000000 0.000000 0.000000 -0.014420 
 0.162167 0.000000 0.000000 0.000000 -0.007726 
 0.162250 0.000000 0.000000 0.000000 -0.001091 
 0.162333 0.000000 0.000000 0.000000 -0.000136 
 0.162417 0.000000 0.000000 0.000000 0.000823 
 0.162500 0.000000 0.000000 0.000000 -0.005732 
 0.162583 0.000000 0.000000 0.000000 0.007624 
 0.162667 0.000000 0.000000 0.000000 0.013201 
 0.162750 0.000000 0.000000 0.000000 0.010200 
 0.162833 0.000000 0.000000 0.000000 -0.001116 
 0.162917 0.000000 0.000000 0.000000 -0.007774 
 0.163000 0.000000 0.000000 0.000000 -0.003797 
 0.163083 0.000000 0.000000 0.000000 -0.001112 
 0.163167 0.000000 0.000000 0.000000 -0.000116 
 0.163250 0.000000 0.000000 0.000000 -0.001116 
 0.163333 0.000000 0.000000 0.000000 0.005542 
 0.163417 0.000000 0.000000 0.000000 -0.007814 
 0.163500 0.000000 0.000000 0.000000 -0.013432 
 0.163583 0.000000 0.000000 0.000000 -0.006774 
 0.163667 0.000000 0.000000 0.000000 -0.007766 
 0.163750 0.000000 0.000000 0.000000 -0.008758 
 0.163833 0.000000 0.000000 0.000000 -0.002043 
 0.163917 0.000000 0.000000 0.000000 0.021640 
 0.164000 0.000000 0.000000 0.000000 0.012197 
 0.164083 0.000000 0.000000 0.000000 -0.001112 
 0.164167 0.000000 0.000000 0.000000 -0.001112 
 0.164250 0.000000 0.000000 0.000000 -0.007766 
 0.164333 0.000000 0.000000 0.000000 -0.006774 
 0.164417 0.000000 0.000000 0.000000 -0.012453 
 0.164500 0.000000 0.000000 0.000000 -0.005815 
 0.164583 0.000000 0.000000 0.000000 -0.006774 
 0.164667 0.000000 0.000000 0.000000 -0.000140 
 0.164750 0.000000 0.000000 0.000000 0.000811 
 0.164833 0.000000 0.000000 0.000000 -0.006774 
 0.164917 0.000000 0.000000 0.000000 0.005542 
 0.165000 0.000000 0.000000 0.000000 -0.000120 
 0.165083 0.000000 0.000000 0.000000 -0.012436 
 0.165167 0.000000 0.000000 0.000000 -0.006774 
 0.165250 0.000000 0.000000 0.000000 0.005543 
 0.165333 0.000000 0.000000 0.000000 -0.002116 
 0.165417 0.000000 0.000000 0.000000 0.005542 
 0.165500 0.000000 0.000000 0.000000 -0.006774 
 0.165583 0.000000 0.000000 0.000000 0.004542 
 0.165667 0.000000 0.000000 0.000000 0.005543 
 0.165750 0.000000 0.000000 0.000000 -0.006774 
 0.165833 0.000000 0.000000 0.000000 -0.000144 
 0.165917 0.000000 0.000000 0.000000 -0.018148 
 0.166000 0.000000 0.000000 0.000000 -0.004872 
 0.166083 0.000000 0.000000 0.000000 -0.005823 
 0.166167 0.000000 0.000000 0.000000 -0.007774 
 0.166250 0.000000 0.000000 0.000000 -0.001116 
 0.166333 0.000000 0.000000 0.000000 0.004641 
 0.166417 0.000000 0.000000 0.000000 -0.006775 
 0.166500 0.000000 0.000000 0.000000 -0.001087 
 0.166583 0.000000 0.000000 0.000000 -0.000144 