0.000000 0.000000 0.000000 0.000000 -1.550544 
 0.000083 4.500000 4.500000 4.500000 88.986755 
 0.000167 4.500000 4.500000 4.500000 93.021385 
 0.000250 4.500000 4.500000 4.500000 94.704712 
 0.000333 4.500000 4.500000 4.500000 90.769684 
 0.000417 4.500000 4.500000 4.500000 82.772461 
 0.000500 4.500000 4.500000 4.500000 72.260651 
 0.000583 4.500000 4.500000 4.500000 60.935810 
 0.000667 4.500000 4.500000 4.500000 48.798351 
 0.000750 4.500000 4.500000 4.500000 36.648056 
 0.000833 4.500000 4.500000 4.500000 25.481277 
 0.000917 4.500000 4.500000 4.500000 15.604284 
 0.001000 4.500000 4.500000 4.500000 7.906322 
 0.001083 4.500000 4.500000 4.500000 1.851629 
 0.001167 4.500000 4.500000 4.500000 -2.153893 
 0.001250 4.500000 4.500000 4.500000 -4.665241 
 0.001333 4.500000 4.500000 4.500000 -5.695320 
 0.001417 4.500000 4.500000 4.500000 -5.182039 
 0.001500 4.500000 4.500000 4.500000 -4.033901 
 0.001583 4.500000 4.500000 4.500000 -2.064840 
 0.001667 4.500000 4.500000 4.500000 0.342593 
 0.001750 4.500000 4.500000 4.500000 3.622204 
 0.001833 4.500000 4.500000 4.500000 6.331988 
 0.001917 4.500000 4.500000 4.500000 9.259687 
 0.002000 4.500000 4.500000 4.500000 11.667492 
 0.002083 4.500000 4.500000 4.500000 13.703275 
 0.002167 4.500000 4.500000 4.500000 16.003607 
 0.002250 4.500000 4.500000 4.500000 16.829561 
 0.002333 4.500000 4.500000 4.500000 17.542404 
 0.002417 4.500000 4.500000 4.500000 17.442041 
 0.002500 4.500000 4.500000 4.500000 18.419277 
 0.002583 4.500000 4.500000 4.500000 18.269087 
 0.002667 4.500000 4.500000 4.500000 17.862587 
 0.002750 4.500000 4.500000 4.500000 17.427950 
 0.002833 4.500000 4.500000 4.500000 17.315365 
 0.002917 4.500000 4.500000 4.500000 16.906982 
 0.003000 4.500000 4.500000 4.500000 16.996092 
 0.003083 4.500000 4.500000 4.500000 15.764896 
 0.003167 4.500000 4.500000 4.500000 15.659198 
 0.003250 4.500000 4.500000 4.500000 15.346488 
 0.003333 4.500000 4.500000 4.500000 14.930387 
 0.003417 4.500000 4.500000 4.500000 14.735753 
 0.003500 4.500000 4.500000 4.500000 15.229246 
 0.003583 4.500000 4.500000 4.500000 15.290272 
 0.003667 4.500000 4.500000 4.500000 15.362411 
 0.003750 4.500000 4.500000 4.500000 16.461330 
 0.003833 4.500000 4.500000 4.500000 16.395575 
 0.003917 4.500000 4.500000 4.500000 16.043186 
 0.004000 4.500000 4.500000 4.500000 16.274090 
 0.004083 4.500000 4.500000 4.500000 16.855518 
 0.004167 4.500000 4.500000 4.500000 17.611523 
 0.004250 4.500000 4.500000 4.500000 17.002920 
 0.004333 4.500000 4.500000 4.500000 16.863089 
 0.004417 4.500000 4.500000 4.500000 17.309896 
 0.004500 4.500000 4.500000 4.500000 17.783789 
 0.004583 4.500000 4.500000 4.500000 17.904856 
 0.004667 4.500000 4.500000 4.500000 18.036617 
 0.004750 4.500000 4.500000 4.500000 18.515633 
 0.004833 4.500000 4.500000 4.500000 17.465874 
 0.004917 4.500000 4.500000 4.500000 18.745642 
 0.005000 4.500000 4.500000 4.500000 18.894218 
 0.005083 4.500000 4.500000 4.500000 19.025808 
 0.005167 4.500000 4.500000 4.500000 19.421700 
 0.005250 4.500000 4.500000 4.500000 19.182217 
 0.005333 4.500000 4.500000 4.500000 19.079723 
 0.005417 4.500000 4.500000 4.500000 19.189198 
 0.005500 4.500000 4.500000 4.500000 19.819664 
 0.005583 4.500000 4.500000 4.500000 19.823229 
 0.005667 4.500000 4.500000 4.500000 19.965157 
 0.005750 4.500000 4.500000 4.500000 19.957733 
 0.005833 4.500000 4.500000 4.500000 19.708244 
 0.005917 4.500000 4.500000 4.500000 20.048777 
 0.006000 4.500000 4.500000 4.500000 19.791212 
 0.006083 4.500000 4.500000 4.500000 19.741447 
 0.006167 4.500000 4.500000 4.500000 20.353165 
 0.006250 4.500000 4.500000 4.500000 20.061893 
 0.006333 4.500000 4.500000 4.500000 21.037682 
 0.006417 4.500000 4.500000 4.500000 20.871243 
 0.006500 4.500000 4.500000 4.500000 20.990156 
 0.006583 4.500000 4.500000 4.500000 21.603931 
 0.006667 4.500000 4.500000 4.500000 21.859234 
 0.006750 4.500000 4.500000 4.500000 21.682070 
 0.006833 4.500000 4.500000 4.500000 21.689270 
 0.006917 4.500000 4.500000 4.500000 21.622137 
 0.007000 4.500000 4.500000 4.500000 21.816820 
 0.007083 4.500000 4.500000 4.500000 22.627577 
 0.007167 4.500000 4.500000 4.500000 22.564159 
 0.007250 4.500000 4.500000 4.500000 23.235357 
 0.007333 4.500000 4.500000 4.500000 22.972776 
 0.007417 4.500000 4.500000 4.500000 22.901669 
 0.007500 4.500000 4.500000 4.500000 23.204969 
 0.007583 4.500000 4.500000 4.500000 23.450275 
 0.007667 4.500000 4.500000 4.500000 23.397188 
 0.007750 4.500000 4.500000 4.500000 23.542822 
 0.007833 4.500000 4.500000 4.500000 23.154411 
 0.007917 4.500000 4.500000 4.500000 23.267126 
 0.008000 4.500000 4.500000 4.500000 23.244570 
 0.008083 4.500000 4.500000 4.500000 23.583424 
 0.008167 4.500000 4.500000 4.500000 24.715025 
 0.008250 4.500000 4.500000 4.500000 24.100887 
 0.008333 4.500000 4.500000 4.500000 24.135754 
 0.008417 4.500000 4.500000 4.500000 23.811028 
 0.008500 4.500000 4.500000 4.500000 24.220417 
 0.008583 4.500000 4.500000 4.500000 24.945042 
 0.008667 4.500000 4.500000 4.500000 25.191061 
 0.008750 4.500000 4.500000 4.500000 25.040695 
 0.008833 4.500000 4.500000 4.500000 24.181746 
 0.008917 4.500000 4.500000 4.500000 25.041666 
 0.009000 4.500000 4.500000 4.500000 25.600639 
 0.009083 4.500000 4.500000 4.500000 25.943932 
 0.009167 4.500000 4.500000 4.500000 26.277534 
 0.009250 4.500000 4.500000 4.500000 26.573027 
 0.009333 4.500000 4.500000 4.500000 26.530964 
 0.009417 4.500000 4.500000 4.500000 26.807501 
 0.009500 4.500000 4.500000 4.500000 26.310425 
 0.009583 4.500000 4.500000 4.500000 26.619097 
 0.009667 4.500000 4.500000 4.500000 26.725452 
 0.009750 4.500000 4.500000 4.500000 27.381493 
 0.009833 4.500000 4.500000 4.500000 27.647203 
 0.009917 4.500000 4.500000 4.500000 27.491543 
 0.010000 4.500000 4.500000 4.500000 27.363062 
 0.010083 4.500000 4.500000 4.500000 26.930161 
 0.010167 4.500000 4.500000 4.500000 27.141726 
 0.010250 4.500000 4.500000 4.500000 27.305124 
 0.010333 4.500000 4.500000 4.500000 27.293560 
 0.010417 4.500000 4.500000 4.500000 27.656183 
 0.010500 4.500000 4.500000 4.500000 28.053375 
 0.010583 4.500000 4.500000 4.500000 27.989416 
 0.010667 4.500000 4.500000 4.500000 27.936502 
 0.010750 4.500000 4.500000 4.500000 28.691957 
 0.010833 4.500000 4.500000 4.500000 28.211317 
 0.010917 4.500000 4.500000 4.500000 28.079834 
 0.011000 4.500000 4.500000 4.500000 27.300194 
 0.011083 4.500000 4.500000 4.500000 28.605822 
 0.011167 4.500000 4.500000 4.500000 29.340721 
 0.011250 4.500000 4.500000 4.500000 28.781557 
 0.011333 4.500000 4.500000 4.500000 29.022703 
 0.011417 4.500000 4.500000 4.500000 28.618103 
 0.011500 4.500000 4.500000 4.500000 29.029493 
 0.011583 4.500000 4.500000 4.500000 29.247894 
 0.011667 4.500000 4.500000 4.500000 29.454483 
 0.011750 4.500000 4.500000 4.500000 29.812044 
 0.011833 4.500000 4.500000 4.500000 29.953156 
 0.011917 4.500000 4.500000 4.500000 29.910364 
 0.012000 4.500000 4.500000 4.500000 30.342253 
 0.012083 4.500000 4.500000 4.500000 30.229336 
 0.012167 4.500000 4.500000 4.500000 30.357206 
 0.012250 4.500000 4.500000 4.500000 30.437262 
 0.012333 4.500000 4.500000 4.500000 30.467852 
 0.012417 4.500000 4.500000 4.500000 30.512856 
 0.012500 4.500000 4.500000 4.500000 30.393051 
 0.012583 4.500000 4.500000 4.500000 30.395599 
 0.012667 4.500000 4.500000 4.500000 29.995377 
 0.012750 4.500000 4.500000 4.500000 30.762321 
 0.012833 4.500000 4.500000 4.500000 31.156963 
 0.012917 4.500000 4.500000 4.500000 31.357382 
 0.013000 4.500000 4.500000 4.500000 31.266138 
 0.013083 4.500000 4.500000 4.500000 31.097631 
 0.013167 4.500000 4.500000 4.500000 31.427252 
 0.013250 4.500000 4.500000 4.500000 30.222116 
 0.013333 4.500000 4.500000 4.500000 31.321232 
 0.013417 4.500000 4.500000 4.500000 31.510672 
 0.013500 4.500000 4.500000 4.500000 31.010645 
 0.013583 4.500000 4.500000 4.500000 31.708923 
 0.013667 4.500000 4.500000 4.500000 32.078964 
 0.013750 4.500000 4.500000 4.500000 32.737728 
 0.013833 4.500000 4.500000 4.500000 32.345310 
 0.013917 4.500000 4.500000 4.500000 32.106430 
 0.014000 4.500000 4.500000 4.500000 32.523792 
 0.014083 4.500000 4.500000 4.500000 32.747631 
 0.014167 4.500000 4.500000 4.500000 33.057316 
 0.014250 4.500000 4.500000 4.500000 32.875446 
 0.014333 4.500000 4.500000 4.500000 33.843300 
 0.014417 4.500000 4.500000 4.500000 34.388157 
 0.014500 4.500000 4.500000 4.500000 33.783863 
 0.014583 4.500000 4.500000 4.500000 33.681564 
 0.014667 4.500000 4.500000 4.500000 33.577343 
 0.014750 4.500000 4.500000 4.500000 32.929932 
 0.014833 4.500000 4.500000 4.500000 33.441765 
 0.014917 4.500000 4.500000 4.500000 33.809822 
 0.015000 4.500000 4.500000 4.500000 34.053734 
 0.015083 4.500000 4.500000 4.500000 34.391712 
 0.015167 4.500000 4.500000 4.500000 33.257397 
 0.015250 4.500000 4.500000 4.500000 34.887814 
 0.015333 4.500000 4.500000 4.500000 34.745338 
 0.015417 4.500000 4.500000 4.500000 35.130352 
 0.015500 4.500000 4.500000 4.500000 35.540581 
 0.015583 4.500000 4.500000 4.500000 35.251686 
 0.015667 4.500000 4.500000 4.500000 35.830013 
 0.015750 4.500000 4.500000 4.500000 36.115974 
 0.015833 4.500000 4.500000 4.500000 36.002445 
 0.015917 4.500000 4.500000 4.500000 36.444565 
 0.016000 4.500000 4.500000 4.500000 36.418926 
 0.016083 4.500000 4.500000 4.500000 36.541248 
 0.016167 4.500000 4.500000 4.500000 36.446129 
 0.016250 4.500000 4.500000 4.500000 36.822224 
 0.016333 4.500000 4.500000 4.500000 37.323204 
 0.016417 4.500000 4.500000 4.500000 37.336964 
 0.016500 4.500000 4.500000 4.500000 37.578297 
 0.016583 4.500000 4.500000 4.500000 37.325207 
 0.016667 4.500000 4.500000 4.500000 37.504360 
 0.016750 4.500000 4.500000 4.500000 36.170906 
 0.016833 4.500000 4.500000 4.500000 37.274757 
 0.016917 4.500000 4.500000 4.500000 37.309425 
 0.017000 4.500000 4.500000 4.500000 37.332802 
 0.017083 4.500000 4.500000 4.500000 37.507984 
 0.017167 4.500000 4.500000 4.500000 37.713978 
 0.017250 4.500000 4.500000 4.500000 37.957264 
 0.017333 4.500000 4.500000 4.500000 37.935184 
 0.017417 4.500000 4.500000 4.500000 38.096287 
 0.017500 4.500000 4.500000 4.500000 38.013195 
 0.017583 4.500000 4.500000 4.500000 38.055428 
 0.017667 4.500000 4.500000 4.500000 38.298649 
 0.017750 4.500000 4.500000 4.500000 37.935131 
 0.017833 4.500000 4.500000 4.500000 38.062637 
 0.017917 4.500000 4.500000 4.500000 38.254704 
 0.018000 4.500000 4.500000 4.500000 38.395309 
 0.018083 4.500000 4.500000 4.500000 38.589279 
 0.018167 4.500000 4.500000 4.500000 38.647026 
 0.018250 4.500000 4.500000 4.500000 38.624920 
 0.018333 4.500000 4.500000 4.500000 38.530857 
 0.018417 4.500000 4.500000 4.500000 38.828579 
 0.018500 4.500000 4.500000 4.500000 38.906906 
 0.018583 4.500000 4.500000 4.500000 38.902283 
 0.018667 4.500000 4.500000 4.500000 39.030682 
 0.018750 4.500000 4.500000 4.500000 39.197006 
 0.018833 4.500000 4.500000 4.500000 39.284428 
 0.018917 4.500000 4.500000 4.500000 39.630695 
 0.019000 4.500000 4.500000 4.500000 39.856716 
 0.019083 4.500000 4.500000 4.500000 39.878208 
 0.019167 4.500000 4.500000 4.500000 40.196186 
 0.019250 4.500000 4.500000 4.500000 40.171375 
 0.019333 4.500000 4.500000 4.500000 40.473473 
 0.019417 4.500000 4.500000 4.500000 40.925426 
 0.019500 4.500000 4.500000 4.500000 41.070835 
 0.019583 4.500000 4.500000 4.500000 41.483379 
 0.019667 4.500000 4.500000 4.500000 41.584118 
 0.019750 4.500000 4.500000 4.500000 41.523941 
 0.019833 4.500000 4.500000 4.500000 41.849148 
 0.019917 4.500000 4.500000 4.500000 41.868343 
 0.020000 4.500000 4.500000 4.500000 42.058128 
 0.020083 4.500000 4.500000 4.500000 42.050457 
 0.020167 4.500000 4.500000 4.500000 42.661053 
 0.020250 4.500000 4.500000 4.500000 42.271557 
 0.020333 4.500000 4.500000 4.500000 42.775368 
 0.020417 4.500000 4.500000 4.500000 43.003555 
 0.020500 4.500000 4.500000 4.500000 42.731819 
 0.020583 4.500000 4.500000 4.500000 42.878456 
 0.020667 4.500000 4.500000 4.500000 43.470055 
 0.020750 4.500000 4.500000 4.500000 43.306618 
 0.020833 4.500000 4.500000 4.500000 43.340233 
 0.020917 4.500000 4.500000 4.500000 43.267963 
 0.021000 4.500000 4.500000 4.500000 43.208626 
 0.021083 4.500000 4.500000 4.500000 43.472584 
 0.021167 4.500000 4.500000 4.500000 43.732044 
 0.021250 4.500000 4.500000 4.500000 43.464512 
 0.021333 4.500000 4.500000 4.500000 43.190384 
 0.021417 4.500000 4.500000 4.500000 43.191956 
 0.021500 4.500000 4.500000 4.500000 43.494457 
 0.021583 4.500000 4.500000 4.500000 43.898464 
 0.021667 4.500000 4.500000 4.500000 44.156963 
 0.021750 4.500000 4.500000 4.500000 44.433662 
 0.021833 4.500000 4.500000 4.500000 44.810631 
 0.021917 4.500000 4.500000 4.500000 44.512337 
 0.022000 4.500000 4.500000 4.500000 44.465816 
 0.022083 4.500000 4.500000 4.500000 44.593166 
 0.022167 4.500000 4.500000 4.500000 44.759079 
 0.022250 4.500000 4.500000 4.500000 44.800873 
 0.022333 4.500000 4.500000 4.500000 44.679691 
 0.022417 4.500000 4.500000 4.500000 44.418373 
 0.022500 4.500000 4.500000 4.500000 44.862595 
 0.022583 4.500000 4.500000 4.500000 45.170910 
 0.022667 4.500000 4.500000 4.500000 44.977654 
 0.022750 4.500000 4.500000 4.500000 45.206001 
 0.022833 4.500000 4.500000 4.500000 45.429398 
 0.022917 4.500000 4.500000 4.500000 45.303501 
 0.023000 4.500000 4.500000 4.500000 44.918495 
 0.023083 4.500000 4.500000 4.500000 45.325264 
 0.023167 4.500000 4.500000 4.500000 45.858433 
 0.023250 4.500000 4.500000 4.500000 45.893757 
 0.023333 4.500000 4.500000 4.500000 46.499889 
 0.023417 4.500000 4.500000 4.500000 46.763210 
 0.023500 4.500000 4.500000 4.500000 47.701519 
 0.023583 4.500000 4.500000 4.500000 47.293884 
 0.023667 4.500000 4.500000 4.500000 48.067287 
 0.023750 4.500000 4.500000 4.500000 48.122799 
 0.023833 4.500000 4.500000 4.500000 48.333889 
 0.023917 4.500000 4.500000 4.500000 48.765747 
 0.024000 4.500000 4.500000 4.500000 48.759903 
 0.024083 4.500000 4.500000 4.500000 47.924240 
 0.024167 4.500000 4.500000 4.500000 48.407852 
 0.024250 4.500000 4.500000 4.500000 48.691807 
 0.024333 4.500000 4.500000 4.500000 48.626099 
 0.024417 4.500000 4.500000 4.500000 48.340115 
 0.024500 4.500000 4.500000 4.500000 48.922211 
 0.024583 4.500000 4.500000 4.500000 48.717876 
 0.024667 4.500000 4.500000 4.500000 48.514870 
 0.024750 4.500000 4.500000 4.500000 47.899994 
 0.024833 4.500000 4.500000 4.500000 48.134502 
 0.024917 4.500000 4.500000 4.500000 47.591991 
 0.025000 4.500000 4.500000 4.500000 48.085320 
 0.025083 4.500000 4.500000 4.500000 48.278046 
 0.025167 4.500000 4.500000 4.500000 48.777527 
 0.025250 4.500000 4.500000 4.500000 48.481369 
 0.025333 4.500000 4.500000 4.500000 48.530815 
 0.025417 4.500000 4.500000 4.500000 49.098701 
 0.025500 4.500000 4.500000 4.500000 49.129498 
 0.025583 4.500000 4.500000 4.500000 48.924770 
 0.025667 4.500000 4.500000 4.500000 49.496044 
 0.025750 4.500000 4.500000 4.500000 49.413158 
 0.025833 4.500000 4.500000 4.500000 49.335602 
 0.025917 4.500000 4.500000 4.500000 49.458088 
 0.026000 4.500000 4.500000 4.500000 49.191204 
 0.026083 4.500000 4.500000 4.500000 49.894688 
 0.026167 4.500000 4.500000 4.500000 49.795853 
 0.026250 4.500000 4.500000 4.500000 49.865555 
 0.026333 4.500000 4.500000 4.500000 50.557968 
 0.026417 4.500000 4.500000 4.500000 51.319706 
 0.026500 4.500000 4.500000 4.500000 51.275330 
 0.026583 4.500000 4.500000 4.500000 51.556107 
 0.026667 4.500000 4.500000 4.500000 51.757164 
 0.026750 4.500000 4.500000 4.500000 51.941975 
 0.026833 4.500000 4.500000 4.500000 51.946743 
 0.026917 4.500000 4.500000 4.500000 51.940262 
 0.027000 4.500000 4.500000 4.500000 52.481148 
 0.027083 4.500000 4.500000 4.500000 52.567116 
 0.027167 4.500000 4.500000 4.500000 52.925617 
 0.027250 4.500000 4.500000 4.500000 52.566677 
 0.027333 4.500000 4.500000 4.500000 52.906033 
 0.027417 4.500000 4.500000 4.500000 53.004890 
 0.027500 4.500000 4.500000 4.500000 52.861557 
 0.027583 4.500000 4.500000 4.500000 52.745850 
 0.027667 4.500000 4.500000 4.500000 52.842484 
 0.027750 4.500000 4.500000 4.500000 52.765961 
 0.027833 4.500000 4.500000 4.500000 52.326500 
 0.027917 4.500000 4.500000 4.500000 52.909328 
 0.028000 4.500000 4.500000 4.500000 52.812134 
 0.028083 4.500000 4.500000 4.500000 52.934597 
 0.028167 4.500000 4.500000 4.500000 53.129383 
 0.028250 4.500000 4.500000 4.500000 52.813198 
 0.028333 4.500000 4.500000 4.500000 52.822987 
 0.028417 4.500000 4.500000 4.500000 52.822296 
 0.028500 4.500000 4.500000 4.500000 52.982235 
 0.028583 4.500000 4.500000 4.500000 52.837418 
 0.028667 4.500000 4.500000 4.500000 53.290585 
 0.028750 4.500000 4.500000 4.500000 53.464073 
 0.028833 4.500000 4.500000 4.500000 53.664707 
 0.028917 4.500000 4.500000 4.500000 53.557774 
 0.029000 4.500000 4.500000 4.500000 54.092243 
 0.029083 4.500000 4.500000 4.500000 54.158569 
 0.029167 4.500000 4.500000 4.500000 54.703445 
 0.029250 4.500000 4.500000 4.500000 54.839142 
 0.029333 4.500000 4.500000 4.500000 55.257923 
 0.029417 4.500000 4.500000 4.500000 55.387325 
 0.029500 4.500000 4.500000 4.500000 55.565578 
 0.029583 4.500000 4.500000 4.500000 55.833351 
 0.029667 4.500000 4.500000 4.500000 56.010525 
 0.029750 4.500000 4.500000 4.500000 56.259693 
 0.029833 4.500000 4.500000 4.500000 56.573940 
 0.029917 4.500000 4.500000 4.500000 56.617531 
 0.030000 4.500000 4.500000 4.500000 56.630779 
 0.030083 4.500000 4.500000 4.500000 56.637978 
 0.030167 4.500000 4.500000 4.500000 56.553391 
 0.030250 4.500000 4.500000 4.500000 56.766113 
 0.030333 4.500000 4.500000 4.500000 56.898537 
 0.030417 4.500000 4.500000 4.500000 56.929188 
 0.030500 4.500000 4.500000 4.500000 57.099239 
 0.030583 4.500000 4.500000 4.500000 56.552071 
 0.030667 4.500000 4.500000 4.500000 56.729385 
 0.030750 4.500000 4.500000 4.500000 56.308323 
 0.030833 4.500000 4.500000 4.500000 56.296337 
 0.030917 4.500000 4.500000 4.500000 55.839993 
 0.031000 4.500000 4.500000 4.500000 56.020023 
 0.031083 4.500000 4.500000 4.500000 56.252560 
 0.031167 4.500000 4.500000 4.500000 55.920517 
 0.031250 4.500000 4.500000 4.500000 57.053520 
 0.031333 4.500000 4.500000 4.500000 57.362053 
 0.031417 4.500000 4.500000 4.500000 57.834187 
 0.031500 4.500000 4.500000 4.500000 57.515514 
 0.031583 4.500000 4.500000 4.500000 57.377949 
 0.031667 4.500000 4.500000 4.500000 58.100937 
 0.031750 4.500000 4.500000 4.500000 59.062469 
 0.031833 4.500000 4.500000 4.500000 59.283615 
 0.031917 4.500000 4.500000 4.500000 59.267292 
 0.032000 4.500000 4.500000 4.500000 59.390751 
 0.032083 4.500000 4.500000 4.500000 59.376328 
 0.032167 4.500000 4.500000 4.500000 60.196716 
 0.032250 4.500000 4.500000 4.500000 59.953171 
 0.032333 4.500000 4.500000 4.500000 60.247562 
 0.032417 4.500000 4.500000 4.500000 60.751560 
 0.032500 4.500000 4.500000 4.500000 60.068180 
 0.032583 4.500000 4.500000 4.500000 59.858952 
 0.032667 4.500000 4.500000 4.500000 59.877872 
 0.032750 4.500000 4.500000 4.500000 60.377735 
 0.032833 4.500000 4.500000 4.500000 59.869766 
 0.032917 4.500000 4.500000 4.500000 60.102322 
 0.033000 4.500000 4.500000 4.500000 59.997467 
 0.033083 4.500000 4.500000 4.500000 59.617012 
 0.033167 4.500000 4.500000 4.500000 59.230659 
 0.033250 4.500000 4.500000 4.500000 59.284985 
 0.033333 4.500000 4.500000 4.500000 59.644173 
 0.033417 4.500000 4.500000 4.500000 59.943516 
 0.033500 4.500000 4.500000 4.500000 60.727856 
 0.033583 4.500000 4.500000 4.500000 60.333271 
 0.033667 4.500000 4.500000 4.500000 60.716835 
 0.033750 4.500000 4.500000 4.500000 59.663315 
 0.033833 4.500000 4.500000 4.500000 61.432114 
 0.033917 4.500000 4.500000 4.500000 61.733494 
 0.034000 4.500000 4.500000 4.500000 62.313686 
 0.034083 4.500000 4.500000 4.500000 62.607735 
 0.034167 4.500000 4.500000 4.500000 63.232002 
 0.034250 4.500000 4.500000 4.500000 63.565723 
 0.034333 4.500000 4.500000 4.500000 63.624977 
 0.034417 4.500000 4.500000 4.500000 64.081741 
 0.034500 4.500000 4.500000 4.500000 64.210709 
 0.034583 4.500000 4.500000 4.500000 64.523781 
 0.034667 4.500000 4.500000 4.500000 64.412086 
 0.034750 4.500000 4.500000 4.500000 64.573715 
 0.034833 4.500000 4.500000 4.500000 64.568474 
 0.034917 4.500000 4.500000 4.500000 64.425957 
 0.035000 4.500000 4.500000 4.500000 63.931416 
 0.035083 4.500000 4.500000 4.500000 64.066925 
 0.035167 4.500000 4.500000 4.500000 63.662258 
 0.035250 4.500000 4.500000 4.500000 64.193649 
 0.035333 4.500000 4.500000 4.500000 63.517326 
 0.035417 4.500000 4.500000 4.500000 63.547997 
 0.035500 4.500000 4.500000 4.500000 63.577110 
 0.035583 4.500000 4.500000 4.500000 63.779339 
 0.035667 4.500000 4.500000 4.500000 63.955784 
 0.035750 4.500000 4.500000 4.500000 63.895401 
 0.035833 4.500000 4.500000 4.500000 64.417007 
 0.035917 4.500000 4.500000 4.500000 64.685379 
 0.036000 4.500000 4.500000 4.500000 64.883316 
 0.036083 4.500000 4.500000 4.500000 65.144089 
 0.036167 4.500000 4.500000 4.500000 65.936394 
 0.036250 4.500000 4.500000 4.500000 66.538666 
 0.036333 4.500000 4.500000 4.500000 66.654243 
 0.036417 4.500000 4.500000 4.500000 66.816330 
 0.036500 4.500000 4.500000 4.500000 67.267303 
 0.036583 4.500000 4.500000 4.500000 67.458542 
 0.036667 4.500000 4.500000 4.500000 67.525894 
 0.036750 4.500000 4.500000 4.500000 67.561623 
 0.036833 4.500000 4.500000 4.500000 67.363899 
 0.036917 4.500000 4.500000 4.500000 67.840363 
 0.037000 4.500000 4.500000 4.500000 67.727142 
 0.037083 4.500000 4.500000 4.500000 67.631142 
 0.037167 4.500000 4.500000 4.500000 66.537979 
 0.037250 4.500000 4.500000 4.500000 67.413857 
 0.037333 4.500000 4.500000 4.500000 66.705063 
 0.037417 4.500000 4.500000 4.500000 66.950043 
 0.037500 4.500000 4.500000 4.500000 67.056976 
 0.037583 4.500000 4.500000 4.500000 67.263977 
 0.037667 4.500000 4.500000 4.500000 67.290138 
 0.037750 4.500000 4.500000 4.500000 67.568008 
 0.037833 4.500000 4.500000 4.500000 67.947990 
 0.037917 4.500000 4.500000 4.500000 68.012497 
 0.038000 4.500000 4.500000 4.500000 68.532677 
 0.038083 4.500000 4.500000 4.500000 68.628807 
 0.038167 4.500000 4.500000 4.500000 69.625092 
 0.038250 4.500000 4.500000 4.500000 69.975052 
 0.038333 4.500000 4.500000 4.500000 70.772850 
 0.038417 4.500000 4.500000 4.500000 70.227654 
 0.038500 4.500000 4.500000 4.500000 70.505913 
 0.038583 4.500000 4.500000 4.500000 70.155540 
 0.038667 4.500000 4.500000 4.500000 69.287529 
 0.038750 4.500000 4.500000 4.500000 69.993126 
 0.038833 4.500000 4.500000 4.500000 69.802658 
 0.038917 4.500000 4.500000 4.500000 70.531975 
 0.039000 4.500000 4.500000 4.500000 70.431084 
 0.039083 4.500000 4.500000 4.500000 70.044434 
 0.039167 4.500000 4.500000 4.500000 70.610710 
 0.039250 4.500000 4.500000 4.500000 70.504501 
 0.039333 4.500000 4.500000 4.500000 70.590309 
 0.039417 4.500000 4.500000 4.500000 70.340424 
 0.039500 4.500000 4.500000 4.500000 70.151222 
 0.039583 4.500000 4.500000 4.500000 70.509338 
 0.039667 4.500000 4.500000 4.500000 70.423088 
 0.039750 4.500000 4.500000 4.500000 70.823517 
 0.039833 4.500000 4.500000 4.500000 71.259155 
 0.039917 4.500000 4.500000 4.500000 71.150475 
 0.040000 4.500000 4.500000 4.500000 71.709808 
 0.040083 4.500000 4.500000 4.500000 71.884033 
 0.040167 4.500000 4.500000 4.500000 71.873810 
 0.040250 4.500000 4.500000 4.500000 72.365822 
 0.040333 4.500000 4.500000 4.500000 72.544174 
 0.040417 4.500000 4.500000 4.500000 72.656982 
 0.040500 4.500000 4.500000 4.500000 73.144211 
 0.040583 4.500000 4.500000 4.500000 73.447906 
 0.040667 4.500000 4.500000 4.500000 73.281258 
 0.040750 4.500000 4.500000 4.500000 73.433655 
 0.040833 4.500000 4.500000 4.500000 73.510612 
 0.040917 4.500000 4.500000 4.500000 73.357094 
 0.041000 4.500000 4.500000 4.500000 73.330391 
 0.041083 4.500000 4.500000 4.500000 73.509560 
 0.041167 4.500000 4.500000 4.500000 73.456673 
 0.041250 4.500000 4.500000 4.500000 73.757584 
 0.041333 4.500000 4.500000 4.500000 72.818047 
 0.041417 4.500000 4.500000 4.500000 73.152161 
 0.041500 4.500000 4.500000 4.500000 72.759369 
 0.041583 4.500000 4.500000 4.500000 72.798157 
 0.041667 4.500000 4.500000 4.500000 72.775108 
 0.041750 0.000000 0.000000 0.000000 -17.373108 
 0.041833 0.000000 0.000000 0.000000 -21.058472 
 0.041917 0.000000 0.000000 0.000000 -21.737747 
 0.042000 0.000000 0.000000 0.000000 -16.940407 
 0.042083 0.000000 0.000000 0.000000 -8.147278 
 0.042167 0.000000 0.000000 0.000000 1.820347 
 0.042250 0.000000 0.000000 0.000000 13.883209 
 0.042333 0.000000 0.000000 0.000000 24.321497 
 0.042417 0.000000 0.000000 0.000000 36.458229 
 0.042500 0.000000 0.000000 0.000000 44.659698 
 0.042583 0.000000 0.000000 0.000000 53.779076 
 0.042667 0.000000 0.000000 0.000000 58.980515 
 0.042750 0.000000 0.000000 0.000000 65.218948 
 0.042833 0.000000 0.000000 0.000000 67.383827 
 0.042917 0.000000 0.000000 0.000000 70.979179 
 0.043000 0.000000 0.000000 0.000000 70.852531 
 0.043083 0.000000 0.000000 0.000000 72.583054 
 0.043167 0.000000 0.000000 0.000000 71.238922 
 0.043250 0.000000 0.000000 0.000000 72.025566 
 0.043333 0.000000 0.000000 0.000000 69.714958 
 0.043417 0.000000 0.000000 0.000000 69.913124 
 0.043500 0.000000 0.000000 0.000000 68.254837 
 0.043583 0.000000 0.000000 0.000000 68.387360 
 0.043667 0.000000 0.000000 0.000000 67.325768 
 0.043750 0.000000 0.000000 0.000000 67.293762 
 0.043833 0.000000 0.000000 0.000000 66.104828 
 0.043917 0.000000 0.000000 0.000000 66.111359 
 0.044000 0.000000 0.000000 0.000000 65.499138 
 0.044083 0.000000 0.000000 0.000000 65.378723 
 0.044167 0.000000 0.000000 0.000000 64.896538 
 0.044250 0.000000 0.000000 0.000000 64.541740 
 0.044333 0.000000 0.000000 0.000000 62.735195 
 0.044417 0.000000 0.000000 0.000000 64.366287 
 0.044500 0.000000 0.000000 0.000000 63.809055 
 0.044583 0.000000 0.000000 0.000000 64.046997 
 0.044667 0.000000 0.000000 0.000000 64.578697 
 0.044750 0.000000 0.000000 0.000000 64.611496 
 0.044833 0.000000 0.000000 0.000000 63.950275 
 0.044917 0.000000 0.000000 0.000000 63.444511 
 0.045000 0.000000 0.000000 0.000000 63.132290 
 0.045083 0.000000 0.000000 0.000000 63.381767 
 0.045167 0.000000 0.000000 0.000000 63.695992 
 0.045250 0.000000 0.000000 0.000000 63.771729 
 0.045333 0.000000 0.000000 0.000000 62.901649 
 0.045417 0.000000 0.000000 0.000000 64.175949 
 0.045500 0.000000 0.000000 0.000000 63.894737 
 0.045583 0.000000 0.000000 0.000000 64.316353 
 0.045667 0.000000 0.000000 0.000000 64.151970 
 0.045750 0.000000 0.000000 0.000000 64.170708 
 0.045833 0.000000 0.000000 0.000000 64.567047 
 0.045917 0.000000 0.000000 0.000000 64.891724 
 0.046000 0.000000 0.000000 0.000000 64.915642 
 0.046083 0.000000 0.000000 0.000000 65.461952 
 0.046167 0.000000 0.000000 0.000000 65.570374 
 0.046250 0.000000 0.000000 0.000000 65.668091 
 0.046333 0.000000 0.000000 0.000000 65.753296 
 0.046417 0.000000 0.000000 0.000000 65.767403 
 0.046500 0.000000 0.000000 0.000000 65.904503 
 0.046583 0.000000 0.000000 0.000000 65.951286 
 0.046667 0.000000 0.000000 0.000000 65.891953 
 0.046750 0.000000 0.000000 0.000000 65.616661 
 0.046833 0.000000 0.000000 0.000000 65.443916 
 0.046917 0.000000 0.000000 0.000000 65.399384 
 0.047000 0.000000 0.000000 0.000000 65.357407 
 0.047083 0.000000 0.000000 0.000000 65.403648 
 0.047167 0.000000 0.000000 0.000000 65.579742 
 0.047250 0.000000 0.000000 0.000000 65.625107 
 0.047333 0.000000 0.000000 0.000000 65.592415 
 0.047417 0.000000 0.000000 0.000000 65.599907 
 0.047500 0.000000 0.000000 0.000000 65.678070 
 0.047583 0.000000 0.000000 0.000000 65.749786 
 0.047667 0.000000 0.000000 0.000000 65.882225 
 0.047750 0.000000 0.000000 0.000000 65.931938 
 0.047833 0.000000 0.000000 0.000000 66.494057 
 0.047917 0.000000 0.000000 0.000000 66.798103 
 0.048000 0.000000 0.000000 0.000000 66.396973 
 0.048083 0.000000 0.000000 0.000000 66.684021 
 0.048167 0.000000 0.000000 0.000000 66.617523 
 0.048250 0.000000 0.000000 0.000000 66.740715 
 0.048333 0.000000 0.000000 0.000000 66.377556 
 0.048417 0.000000 0.000000 0.000000 66.326714 
 0.048500 0.000000 0.000000 0.000000 66.547615 
 0.048583 0.000000 0.000000 0.000000 66.696968 
 0.048667 0.000000 0.000000 0.000000 67.470650 
 0.048750 0.000000 0.000000 0.000000 66.729370 
 0.048833 0.000000 0.000000 0.000000 66.759117 
 0.048917 0.000000 0.000000 0.000000 66.574844 
 0.049000 0.000000 0.000000 0.000000 66.730927 
 0.049083 0.000000 0.000000 0.000000 67.175476 
 0.049167 0.000000 0.000000 0.000000 67.262589 
 0.049250 0.000000 0.000000 0.000000 67.092041 
 0.049333 0.000000 0.000000 0.000000 66.550797 
 0.049417 0.000000 0.000000 0.000000 67.760002 
 0.049500 0.000000 0.000000 0.000000 67.030884 
 0.049583 0.000000 0.000000 0.000000 66.614822 
 0.049667 0.000000 0.000000 0.000000 66.940437 
 0.049750 0.000000 0.000000 0.000000 66.759567 
 0.049833 0.000000 0.000000 0.000000 67.378838 
 0.049917 0.000000 0.000000 0.000000 67.010933 
 0.050000 0.000000 0.000000 0.000000 67.406853 
 0.050083 0.000000 0.000000 0.000000 67.257896 
 0.050167 0.000000 0.000000 0.000000 67.446663 
 0.050250 0.000000 0.000000 0.000000 67.041840 
 0.050333 0.000000 0.000000 0.000000 66.956146 
 0.050417 0.000000 0.000000 0.000000 66.806313 
 0.050500 0.000000 0.000000 0.000000 66.782318 
 0.050583 0.000000 0.000000 0.000000 66.880188 
 0.050667 0.000000 0.000000 0.000000 67.148354 
 0.050750 0.000000 0.000000 0.000000 66.841270 
 0.050833 0.000000 0.000000 0.000000 66.866837 
 0.050917 0.000000 0.000000 0.000000 66.887314 
 0.051000 0.000000 0.000000 0.000000 66.460022 
 0.051083 0.000000 0.000000 0.000000 66.822212 
 0.051167 0.000000 0.000000 0.000000 66.563690 
 0.051250 0.000000 0.000000 0.000000 66.381126 
 0.051333 0.000000 0.000000 0.000000 66.272049 
 0.051417 0.000000 0.000000 0.000000 66.598656 
 0.051500 0.000000 0.000000 0.000000 66.651413 
 0.051583 0.000000 0.000000 0.000000 66.315430 
 0.051667 0.000000 0.000000 0.000000 66.372154 
 0.051750 0.000000 0.000000 0.000000 66.071815 
 0.051833 0.000000 0.000000 0.000000 66.349884 
 0.051917 0.000000 0.000000 0.000000 65.919113 
 0.052000 0.000000 0.000000 0.000000 66.204338 
 0.052083 0.000000 0.000000 0.000000 67.424973 
 0.052167 0.000000 0.000000 0.000000 66.780563 
 0.052250 0.000000 0.000000 0.000000 66.765289 
 0.052333 0.000000 0.000000 0.000000 66.876869 
 0.052417 0.000000 0.000000 0.000000 66.289818 
 0.052500 0.000000 0.000000 0.000000 66.591637 
 0.052583 0.000000 0.000000 0.000000 66.045502 
 0.052667 0.000000 0.000000 0.000000 66.139442 
 0.052750 0.000000 0.000000 0.000000 65.506149 
 0.052833 0.000000 0.000000 0.000000 65.604675 
 0.052917 0.000000 0.000000 0.000000 65.599060 
 0.053000 0.000000 0.000000 0.000000 65.407661 
 0.053083 0.000000 0.000000 0.000000 65.240974 
 0.053167 0.000000 0.000000 0.000000 65.217888 
 0.053250 0.000000 0.000000 0.000000 65.116188 
 0.053333 0.000000 0.000000 0.000000 64.992409 
 0.053417 0.000000 0.000000 0.000000 64.699196 
 0.053500 0.000000 0.000000 0.000000 64.904778 
 0.053583 0.000000 0.000000 0.000000 65.033318 
 0.053667 0.000000 0.000000 0.000000 64.998093 
 0.053750 0.000000 0.000000 0.000000 64.617836 
 0.053833 0.000000 0.000000 0.000000 65.012749 
 0.053917 0.000000 0.000000 0.000000 64.185638 
 0.054000 0.000000 0.000000 0.000000 65.228867 
 0.054083 0.000000 0.000000 0.000000 65.205620 
 0.054167 0.000000 0.000000 0.000000 65.121567 
 0.054250 0.000000 0.000000 0.000000 65.096313 
 0.054333 0.000000 0.000000 0.000000 65.106247 
 0.054417 0.000000 0.000000 0.000000 65.395439 
 0.054500 0.000000 0.000000 0.000000 65.252556 
 0.054583 0.000000 0.000000 0.000000 64.759048 
 0.054667 0.000000 0.000000 0.000000 64.432999 
 0.054750 0.000000 0.000000 0.000000 64.544533 
 0.054833 0.000000 0.000000 0.000000 64.404037 
 0.054917 0.000000 0.000000 0.000000 63.864281 
 0.055000 0.000000 0.000000 0.000000 63.238689 
 0.055083 0.000000 0.000000 0.000000 63.514900 
 0.055167 0.000000 0.000000 0.000000 63.756180 
 0.055250 0.000000 0.000000 0.000000 63.446720 
 0.055333 0.000000 0.000000 0.000000 64.113846 
 0.055417 0.000000 0.000000 0.000000 63.581436 
 0.055500 0.000000 0.000000 0.000000 63.867794 
 0.055583 0.000000 0.000000 0.000000 63.168228 
 0.055667 0.000000 0.000000 0.000000 63.195007 
 0.055750 0.000000 0.000000 0.000000 63.544144 
 0.055833 0.000000 0.000000 0.000000 63.497189 
 0.055917 0.000000 0.000000 0.000000 63.870628 
 0.056000 0.000000 0.000000 0.000000 63.344067 
 0.056083 0.000000 0.000000 0.000000 63.496502 
 0.056167 0.000000 0.000000 0.000000 63.407696 
 0.056250 0.000000 0.000000 0.000000 63.998894 
 0.056333 0.000000 0.000000 0.000000 63.660114 
 0.056417 0.000000 0.000000 0.000000 62.944363 
 0.056500 0.000000 0.000000 0.000000 62.437016 
 0.056583 0.000000 0.000000 0.000000 62.911575 
 0.056667 0.000000 0.000000 0.000000 62.532860 
 0.056750 0.000000 0.000000 0.000000 62.151337 
 0.056833 0.000000 0.000000 0.000000 62.797588 
 0.056917 0.000000 0.000000 0.000000 62.654213 
 0.057000 0.000000 0.000000 0.000000 62.651505 
 0.057083 0.000000 0.000000 0.000000 62.595879 
 0.057167 0.000000 0.000000 0.000000 62.490086 
 0.057250 0.000000 0.000000 0.000000 61.817314 
 0.057333 0.000000 0.000000 0.000000 62.184635 
 0.057417 0.000000 0.000000 0.000000 61.771324 
 0.057500 0.000000 0.000000 0.000000 62.400787 
 0.057583 0.000000 0.000000 0.000000 61.865097 
 0.057667 0.000000 0.000000 0.000000 62.466949 
 0.057750 0.000000 0.000000 0.000000 62.061016 
 0.057833 0.000000 0.000000 0.000000 62.416252 
 0.057917 0.000000 0.000000 0.000000 62.376595 
 0.058000 0.000000 0.000000 0.000000 62.749516 
 0.058083 0.000000 0.000000 0.000000 62.749249 
 0.058167 0.000000 0.000000 0.000000 62.656025 
 0.058250 0.000000 0.000000 0.000000 62.206795 
 0.058333 0.000000 0.000000 0.000000 62.551884 
 0.058417 0.000000 0.000000 0.000000 62.078960 
 0.058500 0.000000 0.000000 0.000000 62.358047 
 0.058583 0.000000 0.000000 0.000000 62.204060 
 0.058667 0.000000 0.000000 0.000000 62.264141 
 0.058750 0.000000 0.000000 0.000000 61.933098 
 0.058833 0.000000 0.000000 0.000000 62.098228 
 0.058917 0.000000 0.000000 0.000000 61.900608 
 0.059000 0.000000 0.000000 0.000000 61.751537 
 0.059083 0.000000 0.000000 0.000000 61.805603 
 0.059167 0.000000 0.000000 0.000000 61.706299 
 0.059250 0.000000 0.000000 0.000000 61.413162 
 0.059333 0.000000 0.000000 0.000000 61.677773 
 0.059417 0.000000 0.000000 0.000000 61.526100 
 0.059500 0.000000 0.000000 0.000000 61.966457 
 0.059583 0.000000 0.000000 0.000000 61.849571 
 0.059667 0.000000 0.000000 0.000000 61.775753 
 0.059750 0.000000 0.000000 0.000000 61.886147 
 0.059833 0.000000 0.000000 0.000000 62.111809 
 0.059917 0.000000 0.000000 0.000000 62.382805 
 0.060000 0.000000 0.000000 0.000000 62.162037 
 0.060083 0.000000 0.000000 0.000000 62.149479 
 0.060167 0.000000 0.000000 0.000000 62.410042 
 0.060250 0.000000 0.000000 0.000000 62.619526 
 0.060333 0.000000 0.000000 0.000000 62.704880 
 0.060417 0.000000 0.000000 0.000000 63.181927 
 0.060500 0.000000 0.000000 0.000000 62.775398 
 0.060583 0.000000 0.000000 0.000000 62.261230 
 0.060667 0.000000 0.000000 0.000000 62.159790 
 0.060750 0.000000 0.000000 0.000000 61.725891 
 0.060833 0.000000 0.000000 0.000000 61.246895 
 0.060917 0.000000 0.000000 0.000000 61.513744 
 0.061000 0.000000 0.000000 0.000000 61.639145 
 0.061083 0.000000 0.000000 0.000000 61.116650 
 0.061167 0.000000 0.000000 0.000000 61.236496 
 0.061250 0.000000 0.000000 0.000000 61.327393 
 0.061333 0.000000 0.000000 0.000000 61.463337 
 0.061417 0.000000 0.000000 0.000000 61.929127 
 0.061500 0.000000 0.000000 0.000000 61.861538 
 0.061583 0.000000 0.000000 0.000000 61.453827 
 0.061667 0.000000 0.000000 0.000000 61.620049 
 0.061750 0.000000 0.000000 0.000000 61.433346 
 0.061833 0.000000 0.000000 0.000000 61.160820 
 0.061917 0.000000 0.000000 0.000000 60.398712 
 0.062000 0.000000 0.000000 0.000000 61.299347 
 0.062083 0.000000 0.000000 0.000000 62.122189 
 0.062167 0.000000 0.000000 0.000000 61.636646 
 0.062250 0.000000 0.000000 0.000000 62.288177 
 0.062333 0.000000 0.000000 0.000000 62.396557 
 0.062417 0.000000 0.000000 0.000000 62.197281 
 0.062500 0.000000 0.000000 0.000000 62.865318 
 0.062583 0.000000 0.000000 0.000000 61.823486 
 0.062667 0.000000 0.000000 0.000000 61.421738 
 0.062750 0.000000 0.000000 0.000000 61.397476 
 0.062833 0.000000 0.000000 0.000000 60.999859 
 0.062917 0.000000 0.000000 0.000000 60.549767 
 0.063000 0.000000 0.000000 0.000000 62.300770 
 0.063083 0.000000 0.000000 0.000000 61.432178 
 0.063167 0.000000 0.000000 0.000000 60.903240 
 0.063250 0.000000 0.000000 0.000000 60.234280 
 0.063333 0.000000 0.000000 0.000000 59.985363 
 0.063417 0.000000 0.000000 0.000000 60.405464 
 0.063500 0.000000 0.000000 0.000000 60.428417 
 0.063583 0.000000 0.000000 0.000000 60.378311 
 0.063667 0.000000 0.000000 0.000000 60.488659 
 0.063750 0.000000 0.000000 0.000000 60.280212 
 0.063833 0.000000 0.000000 0.000000 60.579700 
 0.063917 0.000000 0.000000 0.000000 60.599327 
 0.064000 0.000000 0.000000 0.000000 60.844112 
 0.064083 0.000000 0.000000 0.000000 60.627113 
 0.064167 0.000000 0.000000 0.000000 60.807423 
 0.064250 0.000000 0.000000 0.000000 61.006279 
 0.064333 0.000000 0.000000 0.000000 61.144096 
 0.064417 0.000000 0.000000 0.000000 60.919765 
 0.064500 0.000000 0.000000 0.000000 60.598572 
 0.064583 0.000000 0.000000 0.000000 60.539532 
 0.064667 0.000000 0.000000 0.000000 60.221222 
 0.064750 0.000000 0.000000 0.000000 59.997738 
 0.064833 0.000000 0.000000 0.000000 59.379814 
 0.064917 0.000000 0.000000 0.000000 59.732967 
 0.065000 0.000000 0.000000 0.000000 59.747292 
 0.065083 0.000000 0.000000 0.000000 59.749249 
 0.065167 0.000000 0.000000 0.000000 59.446495 
 0.065250 0.000000 0.000000 0.000000 59.501625 
 0.065333 0.000000 0.000000 0.000000 59.615704 
 0.065417 0.000000 0.000000 0.000000 59.567467 
 0.065500 0.000000 0.000000 0.000000 59.696629 
 0.065583 0.000000 0.000000 0.000000 59.594997 
 0.065667 0.000000 0.000000 0.000000 59.453300 
 0.065750 0.000000 0.000000 0.000000 59.620899 
 0.065833 0.000000 0.000000 0.000000 59.515774 
 0.065917 0.000000 0.000000 0.000000 59.340641 
 0.066000 0.000000 0.000000 0.000000 59.427795 
 0.066083 0.000000 0.000000 0.000000 59.614796 
 0.066167 0.000000 0.000000 0.000000 59.628944 
 0.066250 0.000000 0.000000 0.000000 59.592361 
 0.066333 0.000000 0.000000 0.000000 59.244164 
 0.066417 0.000000 0.000000 0.000000 59.185070 
 0.066500 0.000000 0.000000 0.000000 59.491615 
 0.066583 0.000000 0.000000 0.000000 58.659515 
 0.066667 0.000000 0.000000 0.000000 59.004147 
 0.066750 0.000000 0.000000 0.000000 58.601921 
 0.066833 0.000000 0.000000 0.000000 58.864193 
 0.066917 0.000000 0.000000 0.000000 58.816887 
 0.067000 0.000000 0.000000 0.000000 58.025070 
 0.067083 0.000000 0.000000 0.000000 57.844639 
 0.067167 0.000000 0.000000 0.000000 57.962967 
 0.067250 0.000000 0.000000 0.000000 58.626926 
 0.067333 0.000000 0.000000 0.000000 58.864193 
 0.067417 0.000000 0.000000 0.000000 58.832626 
 0.067500 0.000000 0.000000 0.000000 58.408062 
 0.067583 0.000000 0.000000 0.000000 58.289513 
 0.067667 0.000000 0.000000 0.000000 58.509575 
 0.067750 0.000000 0.000000 0.000000 58.295788 
 0.067833 0.000000 0.000000 0.000000 57.960148 
 0.067917 0.000000 0.000000 0.000000 58.046848 
 0.068000 0.000000 0.000000 0.000000 58.318871 
 0.068083 0.000000 0.000000 0.000000 58.526897 
 0.068167 0.000000 0.000000 0.000000 58.966885 
 0.068250 0.000000 0.000000 0.000000 58.957710 
 0.068333 0.000000 0.000000 0.000000 58.570763 
 0.068417 0.000000 0.000000 0.000000 58.770504 
 0.068500 0.000000 0.000000 0.000000 58.365528 
 0.068583 0.000000 0.000000 0.000000 58.521980 
 0.068667 0.000000 0.000000 0.000000 58.254776 
 0.068750 0.000000 0.000000 0.000000 58.393097 
 0.068833 0.000000 0.000000 0.000000 58.008457 
 0.068917 0.000000 0.000000 0.000000 58.210667 
 0.069000 0.000000 0.000000 0.000000 58.388737 
 0.069083 0.000000 0.000000 0.000000 58.503666 
 0.069167 0.000000 0.000000 0.000000 58.040871 
 0.069250 0.000000 0.000000 0.000000 58.124374 
 0.069333 0.000000 0.000000 0.000000 58.457348 
 0.069417 0.000000 0.000000 0.000000 58.588699 
 0.069500 0.000000 0.000000 0.000000 58.370182 
 0.069583 0.000000 0.000000 0.000000 58.273682 
 0.069667 0.000000 0.000000 0.000000 58.165730 
 0.069750 0.000000 0.000000 0.000000 58.140594 
 0.069833 0.000000 0.000000 0.000000 58.417980 
 0.069917 0.000000 0.000000 0.000000 58.897335 
 0.070000 0.000000 0.000000 0.000000 58.692814 
 0.070083 0.000000 0.000000 0.000000 59.350315 
 0.070167 0.000000 0.000000 0.000000 59.332809 
 0.070250 0.000000 0.000000 0.000000 59.577614 
 0.070333 0.000000 0.000000 0.000000 59.541954 
 0.070417 0.000000 0.000000 0.000000 59.540058 
 0.070500 0.000000 0.000000 0.000000 59.359936 
 0.070583 0.000000 0.000000 0.000000 59.381145 
 0.070667 0.000000 0.000000 0.000000 59.290150 
 0.070750 0.000000 0.000000 0.000000 58.821594 
 0.070833 0.000000 0.000000 0.000000 58.960342 
 0.070917 0.000000 0.000000 0.000000 58.914547 
 0.071000 0.000000 0.000000 0.000000 58.959518 
 0.071083 0.000000 0.000000 0.000000 58.947639 
 0.071167 0.000000 0.000000 0.000000 59.047604 
 0.071250 0.000000 0.000000 0.000000 59.134148 
 0.071333 0.000000 0.000000 0.000000 58.987469 
 0.071417 0.000000 0.000000 0.000000 59.391205 
 0.071500 0.000000 0.000000 0.000000 59.598473 
 0.071583 0.000000 0.000000 0.000000 59.767330 
 0.071667 0.000000 0.000000 0.000000 59.520058 
 0.071750 0.000000 0.000000 0.000000 59.541401 
 0.071833 0.000000 0.000000 0.000000 59.484200 
 0.071917 0.000000 0.000000 0.000000 59.751400 
 0.072000 0.000000 0.000000 0.000000 60.090717 
 0.072083 0.000000 0.000000 0.000000 60.136433 
 0.072167 0.000000 0.000000 0.000000 60.238533 
 0.072250 0.000000 0.000000 0.000000 61.201721 
 0.072333 0.000000 0.000000 0.000000 60.471455 
 0.072417 0.000000 0.000000 0.000000 60.943722 
 0.072500 0.000000 0.000000 0.000000 60.312630 
 0.072583 0.000000 0.000000 0.000000 60.959141 
 0.072667 0.000000 0.000000 0.000000 61.242390 
 0.072750 0.000000 0.000000 0.000000 60.237762 
 0.072833 0.000000 0.000000 0.000000 59.731197 
 0.072917 0.000000 0.000000 0.000000 59.593876 
 0.073000 0.000000 0.000000 0.000000 59.019421 
 0.073083 0.000000 0.000000 0.000000 59.119862 
 0.073167 0.000000 0.000000 0.000000 58.929935 
 0.073250 0.000000 0.000000 0.000000 59.252613 
 0.073333 0.000000 0.000000 0.000000 59.514988 
 0.073417 0.000000 0.000000 0.000000 58.866405 
 0.073500 0.000000 0.000000 0.000000 60.105400 
 0.073583 0.000000 0.000000 0.000000 60.546799 
 0.073667 0.000000 0.000000 0.000000 60.888569 
 0.073750 0.000000 0.000000 0.000000 60.519470 
 0.073833 0.000000 0.000000 0.000000 60.179077 
 0.073917 0.000000 0.000000 0.000000 60.183159 
 0.074000 0.000000 0.000000 0.000000 60.287029 
 0.074083 0.000000 0.000000 0.000000 59.014626 
 0.074167 0.000000 0.000000 0.000000 60.532341 
 0.074250 0.000000 0.000000 0.000000 60.967464 
 0.074333 0.000000 0.000000 0.000000 60.169491 
 0.074417 0.000000 0.000000 0.000000 60.840271 
 0.074500 0.000000 0.000000 0.000000 60.460121 
 0.074583 0.000000 0.000000 0.000000 60.485626 
 0.074667 0.000000 0.000000 0.000000 60.003738 
 0.074750 0.000000 0.000000 0.000000 60.252384 
 0.074833 0.000000 0.000000 0.000000 60.673794 
 0.074917 0.000000 0.000000 0.000000 59.939262 
 0.075000 0.000000 0.000000 0.000000 59.191494 
 0.075083 0.000000 0.000000 0.000000 59.525555 
 0.075167 0.000000 0.000000 0.000000 59.596508 
 0.075250 0.000000 0.000000 0.000000 59.829071 
 0.075333 0.000000 0.000000 0.000000 59.914639 
 0.075417 0.000000 0.000000 0.000000 59.760601 
 0.075500 0.000000 0.000000 0.000000 59.528332 
 0.075583 0.000000 0.000000 0.000000 59.929768 
 0.075667 0.000000 0.000000 0.000000 59.282974 
 0.075750 0.000000 0.000000 0.000000 59.150494 
 0.075833 0.000000 0.000000 0.000000 59.520554 
 0.075917 0.000000 0.000000 0.000000 59.699520 
 0.076000 0.000000 0.000000 0.000000 59.382275 
 0.076083 0.000000 0.000000 0.000000 59.582634 
 0.076167 0.000000 0.000000 0.000000 59.668144 
 0.076250 0.000000 0.000000 0.000000 59.634899 
 0.076333 0.000000 0.000000 0.000000 59.519341 
 0.076417 0.000000 0.000000 0.000000 59.879131 
 0.076500 0.000000 0.000000 0.000000 59.580063 
 0.076583 0.000000 0.000000 0.000000 59.473423 
 0.076667 0.000000 0.000000 0.000000 59.458252 
 0.076750 0.000000 0.000000 0.000000 59.446354 
 0.076833 0.000000 0.000000 0.000000 59.478123 
 0.076917 0.000000 0.000000 0.000000 59.604519 
 0.077000 0.000000 0.000000 0.000000 59.246952 
 0.077083 0.000000 0.000000 0.000000 58.990704 
 0.077167 0.000000 0.000000 0.000000 58.625851 
 0.077250 0.000000 0.000000 0.000000 58.682205 
 0.077333 0.000000 0.000000 0.000000 58.216290 
 0.077417 0.000000 0.000000 0.000000 58.243168 
 0.077500 0.000000 0.000000 0.000000 58.454014 
 0.077583 0.000000 0.000000 0.000000 58.352406 
 0.077667 0.000000 0.000000 0.000000 58.239815 
 0.077750 0.000000 0.000000 0.000000 58.424156 
 0.077833 0.000000 0.000000 0.000000 58.118069 
 0.077917 0.000000 0.000000 0.000000 58.310490 
 0.078000 0.000000 0.000000 0.000000 58.216221 
 0.078083 0.000000 0.000000 0.000000 58.388817 
 0.078167 0.000000 0.000000 0.000000 58.323452 
 0.078250 0.000000 0.000000 0.000000 58.515678 
 0.078333 0.000000 0.000000 0.000000 58.453533 
 0.078417 0.000000 0.000000 0.000000 58.661507 
 0.078500 0.000000 0.000000 0.000000 58.482464 
 0.078583 0.000000 0.000000 0.000000 58.219601 
 0.078667 0.000000 0.000000 0.000000 57.981178 
 0.078750 0.000000 0.000000 0.000000 58.511719 
 0.078833 0.000000 0.000000 0.000000 58.204697 
 0.078917 0.000000 0.000000 0.000000 58.071644 
 0.079000 0.000000 0.000000 0.000000 58.329273 
 0.079083 0.000000 0.000000 0.000000 57.568230 
 0.079167 0.000000 0.000000 0.000000 57.555561 
 0.079250 0.000000 0.000000 0.000000 57.227058 
 0.079333 0.000000 0.000000 0.000000 57.093327 
 0.079417 0.000000 0.000000 0.000000 57.182491 
 0.079500 0.000000 0.000000 0.000000 57.349247 
 0.079583 0.000000 0.000000 0.000000 57.711437 
 0.079667 0.000000 0.000000 0.000000 57.050797 
 0.079750 0.000000 0.000000 0.000000 57.125916 
 0.079833 0.000000 0.000000 0.000000 56.972507 
 0.079917 0.000000 0.000000 0.000000 57.112629 
 0.080000 0.000000 0.000000 0.000000 56.982494 
 0.080083 0.000000 0.000000 0.000000 57.348385 
 0.080167 0.000000 0.000000 0.000000 57.245140 
 0.080250 0.000000 0.000000 0.000000 57.198120 
 0.080333 0.000000 0.000000 0.000000 57.252880 
 0.080417 0.000000 0.000000 0.000000 57.673752 
 0.080500 0.000000 0.000000 0.000000 57.557892 
 0.080583 0.000000 0.000000 0.000000 57.353313 
 0.080667 0.000000 0.000000 0.000000 57.176205 
 0.080750 0.000000 0.000000 0.000000 57.212017 
 0.080833 0.000000 0.000000 0.000000 57.107536 
 0.080917 0.000000 0.000000 0.000000 57.474316 
 0.081000 0.000000 0.000000 0.000000 56.986874 
 0.081083 0.000000 0.000000 0.000000 57.090347 
 0.081167 0.000000 0.000000 0.000000 57.595051 
 0.081250 0.000000 0.000000 0.000000 58.081329 
 0.081333 0.000000 0.000000 0.000000 57.927479 
 0.081417 0.000000 0.000000 0.000000 57.791912 
 0.081500 0.000000 0.000000 0.000000 57.155594 
 0.081583 0.000000 0.000000 0.000000 57.041733 
 0.081667 0.000000 0.000000 0.000000 57.407845 
 0.081750 0.000000 0.000000 0.000000 57.462048 
 0.081833 0.000000 0.000000 0.000000 57.380569 
 0.081917 0.000000 0.000000 0.000000 57.317905 
 0.082000 0.000000 0.000000 0.000000 57.775597 
 0.082083 0.000000 0.000000 0.000000 57.494034 
 0.082167 0.000000 0.000000 0.000000 57.090935 
 0.082250 0.000000 0.000000 0.000000 57.066063 
 0.082333 0.000000 0.000000 0.000000 57.551037 
 0.082417 0.000000 0.000000 0.000000 57.328735 
 0.082500 0.000000 0.000000 0.000000 57.608734 
 0.082583 0.000000 0.000000 0.000000 57.974995 
 0.082667 0.000000 0.000000 0.000000 58.067654 
 0.082750 0.000000 0.000000 0.000000 57.948547 
 0.082833 0.000000 0.000000 0.000000 58.384785 
 0.082917 0.000000 0.000000 0.000000 58.482658 
 0.083000 0.000000 0.000000 0.000000 58.109482 
 0.083083 0.000000 0.000000 0.000000 58.426323 
 0.083167 0.000000 0.000000 0.000000 58.336212 
 0.083250 0.000000 0.000000 0.000000 58.360016 