0.000000 0.000000 0.000000 0.000000 0.630767 
 0.000083 4.500000 4.500000 4.500000 52.055573 
 0.000167 4.500000 4.500000 4.500000 51.862461 
 0.000250 4.500000 4.500000 4.500000 50.810085 
 0.000333 4.500000 4.500000 4.500000 48.647671 
 0.000417 4.500000 4.500000 4.500000 45.181953 
 0.000500 4.500000 4.500000 4.500000 41.363541 
 0.000583 4.500000 4.500000 4.500000 37.158676 
 0.000667 4.500000 4.500000 4.500000 33.646225 
 0.000750 4.500000 4.500000 4.500000 28.958731 
 0.000833 4.500000 4.500000 4.500000 25.276859 
 0.000917 4.500000 4.500000 4.500000 21.852819 
 0.001000 4.500000 4.500000 4.500000 18.950739 
 0.001083 4.500000 4.500000 4.500000 16.597172 
 0.001167 4.500000 4.500000 4.500000 14.627157 
 0.001250 4.500000 4.500000 4.500000 12.874794 
 0.001333 4.500000 4.500000 4.500000 11.725153 
 0.001417 4.500000 4.500000 4.500000 10.863968 
 0.001500 4.500000 4.500000 4.500000 10.220798 
 0.001583 4.500000 4.500000 4.500000 9.718218 
 0.001667 4.500000 4.500000 4.500000 9.444431 
 0.001750 4.500000 4.500000 4.500000 9.457687 
 0.001833 4.500000 4.500000 4.500000 9.512432 
 0.001917 4.500000 4.500000 4.500000 9.500282 
 0.002000 4.500000 4.500000 4.500000 9.745399 
 0.002083 4.500000 4.500000 4.500000 9.978189 
 0.002167 4.500000 4.500000 4.500000 10.264061 
 0.002250 4.500000 4.500000 4.500000 10.549067 
 0.002333 4.500000 4.500000 4.500000 10.728224 
 0.002417 4.500000 4.500000 4.500000 10.951456 
 0.002500 4.500000 4.500000 4.500000 11.234373 
 0.002583 4.500000 4.500000 4.500000 11.278944 
 0.002667 4.500000 4.500000 4.500000 11.553879 
 0.002750 4.500000 4.500000 4.500000 11.648434 
 0.002833 4.500000 4.500000 4.500000 12.017134 
 0.002917 4.500000 4.500000 4.500000 11.973162 
 0.003000 4.500000 4.500000 4.500000 12.017994 
 0.003083 4.500000 4.500000 4.500000 12.206390 
 0.003167 4.500000 4.500000 4.500000 12.298996 
 0.003250 4.500000 4.500000 4.500000 12.441803 
 0.003333 4.500000 4.500000 4.500000 12.626064 
 0.003417 4.500000 4.500000 4.500000 12.630362 
 0.003500 4.500000 4.500000 4.500000 12.721777 
 0.003583 4.500000 4.500000 4.500000 12.635824 
 0.003667 4.500000 4.500000 4.500000 12.769835 
 0.003750 4.500000 4.500000 4.500000 12.870798 
 0.003833 4.500000 4.500000 4.500000 12.780645 
 0.003917 4.500000 4.500000 4.500000 13.145967 
 0.004000 4.500000 4.500000 4.500000 13.333439 
 0.004083 4.500000 4.500000 4.500000 13.561535 
 0.004167 4.500000 4.500000 4.500000 13.561535 
 0.004250 4.500000 4.500000 4.500000 13.529400 
 0.004333 4.500000 4.500000 4.500000 13.756399 
 0.004417 4.500000 4.500000 4.500000 13.684561 
 0.004500 4.500000 4.500000 4.500000 13.754822 
 0.004583 4.500000 4.500000 4.500000 13.765278 
 0.004667 4.500000 4.500000 4.500000 13.851627 
 0.004750 4.500000 4.500000 4.500000 13.864037 
 0.004833 4.500000 4.500000 4.500000 13.895775 
 0.004917 4.500000 4.500000 4.500000 13.887220 
 0.005000 4.500000 4.500000 4.500000 14.107401 
 0.005083 4.500000 4.500000 4.500000 14.267010 
 0.005167 4.500000 4.500000 4.500000 14.350410 
 0.005250 4.500000 4.500000 4.500000 14.450428 
 0.005333 4.500000 4.500000 4.500000 14.615183 
 0.005417 4.500000 4.500000 4.500000 14.737797 
 0.005500 4.500000 4.500000 4.500000 14.737797 
 0.005583 4.500000 4.500000 4.500000 14.831316 
 0.005667 4.500000 4.500000 4.500000 14.911825 
 0.005750 4.500000 4.500000 4.500000 15.089636 
 0.005833 4.500000 4.500000 4.500000 15.089636 
 0.005917 4.500000 4.500000 4.500000 15.204456 
 0.006000 4.500000 4.500000 4.500000 15.328405 
 0.006083 4.500000 4.500000 4.500000 15.368183 
 0.006167 4.500000 4.500000 4.500000 15.508562 
 0.006250 4.500000 4.500000 4.500000 15.545214 
 0.006333 4.500000 4.500000 4.500000 15.382275 
 0.006417 4.500000 4.500000 4.500000 15.442080 
 0.006500 4.500000 4.500000 4.500000 15.524225 
 0.006583 4.500000 4.500000 4.500000 15.555374 
 0.006667 4.500000 4.500000 4.500000 15.909691 
 0.006750 4.500000 4.500000 4.500000 15.869888 
 0.006833 4.500000 4.500000 4.500000 15.945398 
 0.006917 4.500000 4.500000 4.500000 15.980236 
 0.007000 4.500000 4.500000 4.500000 16.261553 
 0.007083 4.500000 4.500000 4.500000 16.354710 
 0.007167 4.500000 4.500000 4.500000 16.423836 
 0.007250 4.500000 4.500000 4.500000 16.459837 
 0.007333 4.500000 4.500000 4.500000 16.386379 
 0.007417 4.500000 4.500000 4.500000 16.549818 
 0.007500 4.500000 4.500000 4.500000 16.475351 
 0.007583 4.500000 4.500000 4.500000 16.740692 
 0.007667 4.500000 4.500000 4.500000 16.805248 
 0.007750 4.500000 4.500000 4.500000 16.975998 
 0.007833 4.500000 4.500000 4.500000 17.023090 
 0.007917 4.500000 4.500000 4.500000 17.105600 
 0.008000 4.500000 4.500000 4.500000 17.148327 
 0.008083 4.500000 4.500000 4.500000 17.071033 
 0.008167 4.500000 4.500000 4.500000 17.248943 
 0.008250 4.500000 4.500000 4.500000 17.280499 
 0.008333 4.500000 4.500000 4.500000 17.343830 
 0.008417 4.500000 4.500000 4.500000 17.517939 
 0.008500 4.500000 4.500000 4.500000 17.657719 
 0.008583 4.500000 4.500000 4.500000 17.760752 
 0.008667 4.500000 4.500000 4.500000 17.922319 
 0.008750 4.500000 4.500000 4.500000 18.096998 
 0.008833 4.500000 4.500000 4.500000 18.220198 
 0.008917 4.500000 4.500000 4.500000 18.270775 
 0.009000 4.500000 4.500000 4.500000 18.092773 
 0.009083 4.500000 4.500000 4.500000 18.202007 
 0.009167 4.500000 4.500000 4.500000 18.211346 
 0.009250 4.500000 4.500000 4.500000 18.449970 
 0.009333 4.500000 4.500000 4.500000 18.495914 
 0.009417 4.500000 4.500000 4.500000 18.601698 
 0.009500 4.500000 4.500000 4.500000 18.695423 
 0.009583 4.500000 4.500000 4.500000 18.809256 
 0.009667 4.500000 4.500000 4.500000 18.797577 
 0.009750 4.500000 4.500000 4.500000 18.816149 
 0.009833 4.500000 4.500000 4.500000 19.032442 
 0.009917 4.500000 4.500000 4.500000 19.071093 
 0.010000 4.500000 4.500000 4.500000 19.146143 
 0.010083 4.500000 4.500000 4.500000 19.269882 
 0.010167 4.500000 4.500000 4.500000 19.305201 
 0.010250 4.500000 4.500000 4.500000 19.596903 
 0.010333 4.500000 4.500000 4.500000 19.629688 
 0.010417 4.500000 4.500000 4.500000 19.596411 
 0.010500 4.500000 4.500000 4.500000 19.523123 
 0.010583 4.500000 4.500000 4.500000 19.733086 
 0.010667 4.500000 4.500000 4.500000 19.684378 
 0.010750 4.500000 4.500000 4.500000 19.827742 
 0.010833 4.500000 4.500000 4.500000 19.986292 
 0.010917 4.500000 4.500000 4.500000 20.052647 
 0.011000 4.500000 4.500000 4.500000 20.269770 
 0.011083 4.500000 4.500000 4.500000 20.316940 
 0.011167 4.500000 4.500000 4.500000 20.337862 
 0.011250 4.500000 4.500000 4.500000 20.421595 
 0.011333 4.500000 4.500000 4.500000 20.347139 
 0.011417 4.500000 4.500000 4.500000 20.617672 
 0.011500 4.500000 4.500000 4.500000 20.860241 
 0.011583 4.500000 4.500000 4.500000 20.760424 
 0.011667 4.500000 4.500000 4.500000 20.786604 
 0.011750 4.500000 4.500000 4.500000 21.035076 
 0.011833 4.500000 4.500000 4.500000 21.045868 
 0.011917 4.500000 4.500000 4.500000 21.033155 
 0.012000 4.500000 4.500000 4.500000 20.954453 
 0.012083 4.500000 4.500000 4.500000 21.081305 
 0.012167 4.500000 4.500000 4.500000 21.081305 
 0.012250 4.500000 4.500000 4.500000 21.554583 
 0.012333 4.500000 4.500000 4.500000 21.563665 
 0.012417 4.500000 4.500000 4.500000 21.552881 
 0.012500 4.500000 4.500000 4.500000 21.918106 
 0.012583 4.500000 4.500000 4.500000 21.520580 
 0.012667 4.500000 4.500000 4.500000 21.644461 
 0.012750 4.500000 4.500000 4.500000 21.860691 
 0.012833 4.500000 4.500000 4.500000 21.716700 
 0.012917 4.500000 4.500000 4.500000 21.694893 
 0.013000 4.500000 4.500000 4.500000 22.093912 
 0.013083 4.500000 4.500000 4.500000 22.134106 
 0.013167 4.500000 4.500000 4.500000 21.957497 
 0.013250 4.500000 4.500000 4.500000 22.181400 
 0.013333 4.500000 4.500000 4.500000 22.393864 
 0.013417 4.500000 4.500000 4.500000 22.276945 
 0.013500 4.500000 4.500000 4.500000 22.259140 
 0.013583 4.500000 4.500000 4.500000 22.490475 
 0.013667 4.500000 4.500000 4.500000 22.448339 
 0.013750 4.500000 4.500000 4.500000 22.662710 
 0.013833 4.500000 4.500000 4.500000 22.408474 
 0.013917 4.500000 4.500000 4.500000 22.691505 
 0.014000 4.500000 4.500000 4.500000 22.770967 
 0.014083 4.500000 4.500000 4.500000 22.763393 
 0.014167 4.500000 4.500000 4.500000 22.837910 
 0.014250 4.500000 4.500000 4.500000 22.994678 
 0.014333 4.500000 4.500000 4.500000 22.760021 
 0.014417 4.500000 4.500000 4.500000 23.131105 
 0.014500 4.500000 4.500000 4.500000 22.984005 
 0.014583 4.500000 4.500000 4.500000 22.999216 
 0.014667 4.500000 4.500000 4.500000 22.802935 
 0.014750 4.500000 4.500000 4.500000 23.179482 
 0.014833 4.500000 4.500000 4.500000 23.232851 
 0.014917 4.500000 4.500000 4.500000 23.233181 
 0.015000 4.500000 4.500000 4.500000 23.373135 
 0.015083 4.500000 4.500000 4.500000 23.493135 
 0.015167 4.500000 4.500000 4.500000 23.207767 
 0.015250 4.500000 4.500000 4.500000 23.579487 
 0.015333 4.500000 4.500000 4.500000 23.476370 
 0.015417 4.500000 4.500000 4.500000 23.720015 
 0.015500 4.500000 4.500000 4.500000 23.555740 
 0.015583 4.500000 4.500000 4.500000 23.646732 
 0.015667 4.500000 4.500000 4.500000 23.753756 
 0.015750 4.500000 4.500000 4.500000 23.230686 
 0.015833 4.500000 4.500000 4.500000 23.310354 
 0.015917 4.500000 4.500000 4.500000 23.797882 
 0.016000 4.500000 4.500000 4.500000 23.541130 
 0.016083 4.500000 4.500000 4.500000 24.216843 
 0.016167 4.500000 4.500000 4.500000 23.963196 
 0.016250 4.500000 4.500000 4.500000 24.454365 
 0.016333 4.500000 4.500000 4.500000 24.172522 
 0.016417 4.500000 4.500000 4.500000 24.285398 
 0.016500 4.500000 4.500000 4.500000 24.207060 
 0.016583 4.500000 4.500000 4.500000 24.332766 
 0.016667 4.500000 4.500000 4.500000 24.310101 
 0.016750 4.500000 4.500000 4.500000 24.353012 
 0.016833 4.500000 4.500000 4.500000 24.616631 
 0.016917 4.500000 4.500000 4.500000 24.639029 
 0.017000 4.500000 4.500000 4.500000 24.837290 
 0.017083 4.500000 4.500000 4.500000 24.784145 
 0.017167 4.500000 4.500000 4.500000 24.753569 
 0.017250 4.500000 4.500000 4.500000 24.730429 
 0.017333 4.500000 4.500000 4.500000 25.148376 
 0.017417 4.500000 4.500000 4.500000 25.076029 
 0.017500 4.500000 4.500000 4.500000 24.803503 
 0.017583 4.500000 4.500000 4.500000 24.892450 
 0.017667 4.500000 4.500000 4.500000 24.888102 
 0.017750 4.500000 4.500000 4.500000 25.123549 
 0.017833 4.500000 4.500000 4.500000 25.301661 
 0.017917 4.500000 4.500000 4.500000 25.456528 
 0.018000 4.500000 4.500000 4.500000 25.567156 
 0.018083 4.500000 4.500000 4.500000 25.410295 
 0.018167 4.500000 4.500000 4.500000 25.477301 
 0.018250 4.500000 4.500000 4.500000 25.415953 
 0.018333 4.500000 4.500000 4.500000 25.744736 
 0.018417 4.500000 4.500000 4.500000 26.085220 
 0.018500 4.500000 4.500000 4.500000 25.898003 
 0.018583 4.500000 4.500000 4.500000 25.877815 
 0.018667 4.500000 4.500000 4.500000 25.945097 
 0.018750 4.500000 4.500000 4.500000 25.953747 
 0.018833 4.500000 4.500000 4.500000 26.250183 
 0.018917 4.500000 4.500000 4.500000 26.348494 
 0.019000 4.500000 4.500000 4.500000 26.262877 
 0.019083 4.500000 4.500000 4.500000 26.225822 
 0.019167 4.500000 4.500000 4.500000 26.489748 
 0.019250 4.500000 4.500000 4.500000 26.786301 
 0.019333 4.500000 4.500000 4.500000 26.688604 
 0.019417 4.500000 4.500000 4.500000 26.772612 
 0.019500 4.500000 4.500000 4.500000 26.657089 
 0.019583 4.500000 4.500000 4.500000 26.716980 
 0.019667 4.500000 4.500000 4.500000 26.712385 
 0.019750 4.500000 4.500000 4.500000 26.892046 
 0.019833 4.500000 4.500000 4.500000 26.749769 
 0.019917 4.500000 4.500000 4.500000 26.646786 
 0.020000 4.500000 4.500000 4.500000 26.744520 
 0.020083 4.500000 4.500000 4.500000 27.031847 
 0.020167 4.500000 4.500000 4.500000 26.989937 
 0.020250 4.500000 4.500000 4.500000 27.106127 
 0.020333 4.500000 4.500000 4.500000 26.941023 
 0.020417 4.500000 4.500000 4.500000 27.301500 
 0.020500 4.500000 4.500000 4.500000 27.257727 
 0.020583 4.500000 4.500000 4.500000 27.486351 
 0.020667 4.500000 4.500000 4.500000 26.929287 
 0.020750 4.500000 4.500000 4.500000 27.389809 
 0.020833 4.500000 4.500000 4.500000 27.164965 
 0.020917 4.500000 4.500000 4.500000 27.366903 
 0.021000 4.500000 4.500000 4.500000 27.365501 
 0.021083 4.500000 4.500000 4.500000 27.446596 
 0.021167 4.500000 4.500000 4.500000 27.369383 
 0.021250 4.500000 4.500000 4.500000 27.341747 
 0.021333 4.500000 4.500000 4.500000 27.444557 
 0.021417 4.500000 4.500000 4.500000 27.583826 
 0.021500 4.500000 4.500000 4.500000 27.166489 
 0.021583 4.500000 4.500000 4.500000 27.752600 
 0.021667 4.500000 4.500000 4.500000 27.913242 
 0.021750 4.500000 4.500000 4.500000 26.531158 
 0.021833 4.500000 4.500000 4.500000 27.846241 
 0.021917 4.500000 4.500000 4.500000 26.942160 
 0.022000 4.500000 4.500000 4.500000 28.226952 
 0.022083 4.500000 4.500000 4.500000 28.144176 
 0.022167 4.500000 4.500000 4.500000 28.171396 
 0.022250 4.500000 4.500000 4.500000 28.070286 
 0.022333 4.500000 4.500000 4.500000 28.143679 
 0.022417 4.500000 4.500000 4.500000 28.113741 
 0.022500 4.500000 4.500000 4.500000 28.111513 
 0.022583 4.500000 4.500000 4.500000 28.091404 
 0.022667 4.500000 4.500000 4.500000 28.287066 
 0.022750 4.500000 4.500000 4.500000 27.959276 
 0.022833 4.500000 4.500000 4.500000 27.802456 
 0.022917 4.500000 4.500000 4.500000 28.497860 
 0.023000 4.500000 4.500000 4.500000 28.250921 
 0.023083 4.500000 4.500000 4.500000 28.462048 
 0.023167 4.500000 4.500000 4.500000 28.204275 
 0.023250 4.500000 4.500000 4.500000 28.510870 
 0.023333 4.500000 4.500000 4.500000 28.615181 
 0.023417 4.500000 4.500000 4.500000 28.591513 
 0.023500 4.500000 4.500000 4.500000 29.222977 
 0.023583 4.500000 4.500000 4.500000 29.182892 
 0.023667 4.500000 4.500000 4.500000 29.127182 
 0.023750 4.500000 4.500000 4.500000 29.319319 
 0.023833 4.500000 4.500000 4.500000 29.155340 
 0.023917 4.500000 4.500000 4.500000 29.317879 
 0.024000 4.500000 4.500000 4.500000 29.245996 
 0.024083 4.500000 4.500000 4.500000 29.410572 
 0.024167 4.500000 4.500000 4.500000 29.304432 
 0.024250 4.500000 4.500000 4.500000 29.610777 
 0.024333 4.500000 4.500000 4.500000 29.501678 
 0.024417 4.500000 4.500000 4.500000 29.700476 
 0.024500 4.500000 4.500000 4.500000 29.476099 
 0.024583 4.500000 4.500000 4.500000 29.874828 
 0.024667 4.500000 4.500000 4.500000 30.038742 
 0.024750 4.500000 4.500000 4.500000 29.804413 
 0.024833 4.500000 4.500000 4.500000 29.832304 
 0.024917 4.500000 4.500000 4.500000 29.670433 
 0.025000 4.500000 4.500000 4.500000 29.926586 
 0.025083 4.500000 4.500000 4.500000 29.913622 
 0.025167 4.500000 4.500000 4.500000 30.264931 
 0.025250 4.500000 4.500000 4.500000 30.326063 
 0.025333 4.500000 4.500000 4.500000 30.187197 
 0.025417 4.500000 4.500000 4.500000 30.634901 
 0.025500 4.500000 4.500000 4.500000 30.609520 
 0.025583 4.500000 4.500000 4.500000 30.553923 
 0.025667 4.500000 4.500000 4.500000 30.484989 
 0.025750 4.500000 4.500000 4.500000 30.721905 
 0.025833 4.500000 4.500000 4.500000 30.764978 
 0.025917 4.500000 4.500000 4.500000 30.816240 
 0.026000 4.500000 4.500000 4.500000 30.814333 
 0.026083 4.500000 4.500000 4.500000 30.990068 
 0.026167 4.500000 4.500000 4.500000 30.753094 
 0.026250 4.500000 4.500000 4.500000 31.110096 
 0.026333 4.500000 4.500000 4.500000 31.001154 
 0.026417 4.500000 4.500000 4.500000 31.092836 
 0.026500 4.500000 4.500000 4.500000 30.872593 
 0.026583 4.500000 4.500000 4.500000 31.026382 
 0.026667 4.500000 4.500000 4.500000 30.933561 
 0.026750 4.500000 4.500000 4.500000 30.802010 
 0.026833 4.500000 4.500000 4.500000 30.713646 
 0.026917 4.500000 4.500000 4.500000 30.917166 
 0.027000 4.500000 4.500000 4.500000 30.889341 
 0.027083 4.500000 4.500000 4.500000 31.213448 
 0.027167 4.500000 4.500000 4.500000 31.111927 
 0.027250 4.500000 4.500000 4.500000 31.242830 
 0.027333 4.500000 4.500000 4.500000 31.135328 
 0.027417 4.500000 4.500000 4.500000 31.293011 
 0.027500 4.500000 4.500000 4.500000 31.293343 
 0.027583 4.500000 4.500000 4.500000 31.309725 
 0.027667 4.500000 4.500000 4.500000 31.153685 
 0.027750 4.500000 4.500000 4.500000 31.172647 
 0.027833 4.500000 4.500000 4.500000 31.296892 
 0.027917 4.500000 4.500000 4.500000 31.437790 
 0.028000 4.500000 4.500000 4.500000 31.330568 
 0.028083 4.500000 4.500000 4.500000 31.609848 
 0.028167 4.500000 4.500000 4.500000 31.488615 
 0.028250 4.500000 4.500000 4.500000 31.634222 
 0.028333 4.500000 4.500000 4.500000 31.586473 
 0.028417 4.500000 4.500000 4.500000 31.770065 
 0.028500 4.500000 4.500000 4.500000 31.755060 
 0.028583 4.500000 4.500000 4.500000 32.184090 
 0.028667 4.500000 4.500000 4.500000 31.961349 
 0.028750 4.500000 4.500000 4.500000 32.283356 
 0.028833 4.500000 4.500000 4.500000 32.176666 
 0.028917 4.500000 4.500000 4.500000 32.386364 
 0.029000 4.500000 4.500000 4.500000 32.069073 
 0.029083 4.500000 4.500000 4.500000 32.334572 
 0.029167 4.500000 4.500000 4.500000 32.269508 
 0.029250 4.500000 4.500000 4.500000 32.450886 
 0.029333 4.500000 4.500000 4.500000 32.596985 
 0.029417 4.500000 4.500000 4.500000 32.578548 
 0.029500 4.500000 4.500000 4.500000 32.740726 
 0.029583 4.500000 4.500000 4.500000 32.724911 
 0.029667 4.500000 4.500000 4.500000 32.868389 
 0.029750 4.500000 4.500000 4.500000 33.086426 
 0.029833 4.500000 4.500000 4.500000 33.087837 
 0.029917 4.500000 4.500000 4.500000 33.278549 
 0.030000 4.500000 4.500000 4.500000 33.136501 
 0.030083 4.500000 4.500000 4.500000 33.194889 
 0.030167 4.500000 4.500000 4.500000 33.164349 
 0.030250 4.500000 4.500000 4.500000 33.430504 
 0.030333 4.500000 4.500000 4.500000 33.238937 
 0.030417 4.500000 4.500000 4.500000 33.224392 
 0.030500 4.500000 4.500000 4.500000 34.074120 
 0.030583 4.500000 4.500000 4.500000 33.554127 
 0.030667 4.500000 4.500000 4.500000 33.582436 
 0.030750 4.500000 4.500000 4.500000 33.656002 
 0.030833 4.500000 4.500000 4.500000 33.559692 
 0.030917 4.500000 4.500000 4.500000 33.617241 
 0.031000 4.500000 4.500000 4.500000 33.703976 
 0.031083 4.500000 4.500000 4.500000 33.429771 
 0.031167 4.500000 4.500000 4.500000 33.482117 
 0.031250 4.500000 4.500000 4.500000 33.245132 
 0.031333 4.500000 4.500000 4.500000 33.286419 
 0.031417 4.500000 4.500000 4.500000 33.347645 
 0.031500 4.500000 4.500000 4.500000 33.766796 
 0.031583 4.500000 4.500000 4.500000 33.722286 
 0.031667 4.500000 4.500000 4.500000 33.348110 
 0.031750 4.500000 4.500000 4.500000 33.704124 
 0.031833 4.500000 4.500000 4.500000 33.795883 
 0.031917 4.500000 4.500000 4.500000 33.754520 
 0.032000 4.500000 4.500000 4.500000 33.412323 
 0.032083 4.500000 4.500000 4.500000 33.606625 
 0.032167 4.500000 4.500000 4.500000 33.456493 
 0.032250 4.500000 4.500000 4.500000 33.672253 
 0.032333 4.500000 4.500000 4.500000 33.358910 
 0.032417 4.500000 4.500000 4.500000 33.812389 
 0.032500 4.500000 4.500000 4.500000 33.844090 
 0.032583 4.500000 4.500000 4.500000 33.867397 
 0.032667 4.500000 4.500000 4.500000 34.058781 
 0.032750 4.500000 4.500000 4.500000 33.706699 
 0.032833 4.500000 4.500000 4.500000 34.260517 
 0.032917 4.500000 4.500000 4.500000 34.132980 
 0.033000 4.500000 4.500000 4.500000 34.352001 
 0.033083 4.500000 4.500000 4.500000 34.441559 
 0.033167 4.500000 4.500000 4.500000 34.412247 
 0.033250 4.500000 4.500000 4.500000 34.268173 
 0.033333 4.500000 4.500000 4.500000 34.595619 
 0.033417 4.500000 4.500000 4.500000 34.480991 
 0.033500 4.500000 4.500000 4.500000 34.421494 
 0.033583 4.500000 4.500000 4.500000 34.648319 
 0.033667 4.500000 4.500000 4.500000 34.572701 
 0.033750 4.500000 4.500000 4.500000 34.892765 
 0.033833 4.500000 4.500000 4.500000 34.955357 
 0.033917 4.500000 4.500000 4.500000 35.113213 
 0.034000 4.500000 4.500000 4.500000 35.132217 
 0.034083 4.500000 4.500000 4.500000 35.284527 
 0.034167 4.500000 4.500000 4.500000 35.285957 
 0.034250 4.500000 4.500000 4.500000 35.296143 
 0.034333 4.500000 4.500000 4.500000 35.274647 
 0.034417 4.500000 4.500000 4.500000 35.122894 
 0.034500 4.500000 4.500000 4.500000 35.216370 
 0.034583 4.500000 4.500000 4.500000 35.412506 
 0.034667 4.500000 4.500000 4.500000 35.248600 
 0.034750 4.500000 4.500000 4.500000 35.543442 
 0.034833 4.500000 4.500000 4.500000 35.343014 
 0.034917 4.500000 4.500000 4.500000 35.622604 
 0.035000 4.500000 4.500000 4.500000 35.296757 
 0.035083 4.500000 4.500000 4.500000 35.303898 
 0.035167 4.500000 4.500000 4.500000 35.535362 
 0.035250 4.500000 4.500000 4.500000 35.519539 
 0.035333 4.500000 4.500000 4.500000 35.863106 
 0.035417 4.500000 4.500000 4.500000 35.687977 
 0.035500 4.500000 4.500000 4.500000 35.180321 
 0.035583 4.500000 4.500000 4.500000 35.392307 
 0.035667 4.500000 4.500000 4.500000 35.461700 
 0.035750 4.500000 4.500000 4.500000 35.682487 
 0.035833 4.500000 4.500000 4.500000 35.287842 
 0.035917 4.500000 4.500000 4.500000 35.462414 
 0.036000 4.500000 4.500000 4.500000 35.273071 
 0.036083 4.500000 4.500000 4.500000 35.227119 
 0.036167 4.500000 4.500000 4.500000 35.441921 
 0.036250 4.500000 4.500000 4.500000 35.580170 
 0.036333 4.500000 4.500000 4.500000 35.358521 
 0.036417 4.500000 4.500000 4.500000 35.546047 
 0.036500 4.500000 4.500000 4.500000 35.387665 
 0.036583 4.500000 4.500000 4.500000 35.156273 
 0.036667 4.500000 4.500000 4.500000 35.823597 
 0.036750 4.500000 4.500000 4.500000 35.665363 
 0.036833 4.500000 4.500000 4.500000 35.536610 
 0.036917 4.500000 4.500000 4.500000 35.381695 
 0.037000 4.500000 4.500000 4.500000 35.331749 
 0.037083 4.500000 4.500000 4.500000 35.435722 
 0.037167 4.500000 4.500000 4.500000 35.337986 
 0.037250 4.500000 4.500000 4.500000 35.805679 
 0.037333 4.500000 4.500000 4.500000 35.300579 
 0.037417 4.500000 4.500000 4.500000 35.526051 
 0.037500 4.500000 4.500000 4.500000 35.602890 
 0.037583 4.500000 4.500000 4.500000 35.633568 
 0.037667 4.500000 4.500000 4.500000 35.132751 
 0.037750 4.500000 4.500000 4.500000 35.960182 
 0.037833 4.500000 4.500000 4.500000 35.873737 
 0.037917 4.500000 4.500000 4.500000 36.121124 
 0.038000 4.500000 4.500000 4.500000 36.150784 
 0.038083 4.500000 4.500000 4.500000 36.118427 
 0.038167 4.500000 4.500000 4.500000 36.240482 
 0.038250 4.500000 4.500000 4.500000 36.435116 
 0.038333 4.500000 4.500000 4.500000 36.299805 
 0.038417 4.500000 4.500000 4.500000 36.466061 
 0.038500 4.500000 4.500000 4.500000 36.305504 
 0.038583 4.500000 4.500000 4.500000 36.439949 
 0.038667 4.500000 4.500000 4.500000 36.628189 
 0.038750 4.500000 4.500000 4.500000 36.620022 
 0.038833 4.500000 4.500000 4.500000 36.548431 
 0.038917 4.500000 4.500000 4.500000 36.724087 
 0.039000 4.500000 4.500000 4.500000 36.694008 
 0.039083 4.500000 4.500000 4.500000 36.777332 
 0.039167 4.500000 4.500000 4.500000 36.732151 
 0.039250 4.500000 4.500000 4.500000 36.837540 
 0.039333 4.500000 4.500000 4.500000 36.848255 
 0.039417 4.500000 4.500000 4.500000 36.783726 
 0.039500 4.500000 4.500000 4.500000 36.638290 
 0.039583 4.500000 4.500000 4.500000 36.644646 
 0.039667 4.500000 4.500000 4.500000 36.537220 
 0.039750 4.500000 4.500000 4.500000 36.755287 
 0.039833 4.500000 4.500000 4.500000 36.496655 
 0.039917 4.500000 4.500000 4.500000 36.688934 
 0.040000 4.500000 4.500000 4.500000 36.642010 
 0.040083 4.500000 4.500000 4.500000 36.656693 
 0.040167 4.500000 4.500000 4.500000 36.583706 
 0.040250 4.500000 4.500000 4.500000 36.581837 
 0.040333 4.500000 4.500000 4.500000 36.634109 
 0.040417 4.500000 4.500000 4.500000 36.463322 
 0.040500 4.500000 4.500000 4.500000 36.463322 
 0.040583 4.500000 4.500000 4.500000 36.508213 
 0.040667 4.500000 4.500000 4.500000 36.386967 
 0.040750 4.500000 4.500000 4.500000 36.277416 
 0.040833 4.500000 4.500000 4.500000 36.230942 
 0.040917 4.500000 4.500000 4.500000 36.403954 
 0.041000 4.500000 4.500000 4.500000 36.428329 
 0.041083 4.500000 4.500000 4.500000 36.542404 
 0.041167 4.500000 4.500000 4.500000 36.610443 
 0.041250 4.500000 4.500000 4.500000 36.905365 
 0.041333 4.500000 4.500000 4.500000 36.855980 
 0.041417 4.500000 4.500000 4.500000 36.633633 
 0.041500 4.500000 4.500000 4.500000 36.676617 
 0.041583 4.500000 4.500000 4.500000 36.638222 
 0.041667 4.500000 4.500000 4.500000 36.782528 
 0.041750 0.000000 0.000000 0.000000 -14.377789 
 0.041833 0.000000 0.000000 0.000000 -14.377789 
 0.041917 0.000000 0.000000 0.000000 -13.234232 
 0.042000 0.000000 0.000000 0.000000 -10.776470 
 0.042083 0.000000 0.000000 0.000000 -7.235668 
 0.042167 0.000000 0.000000 0.000000 -3.465749 
 0.042250 0.000000 0.000000 0.000000 0.359721 
 0.042333 0.000000 0.000000 0.000000 4.237626 
 0.042417 0.000000 0.000000 0.000000 7.747643 
 0.042500 0.000000 0.000000 0.000000 11.126823 
 0.042583 0.000000 0.000000 0.000000 13.721325 
 0.042667 0.000000 0.000000 0.000000 16.263103 
 0.042750 0.000000 0.000000 0.000000 18.260443 
 0.042833 0.000000 0.000000 0.000000 19.857784 
 0.042917 0.000000 0.000000 0.000000 21.240519 
 0.043000 0.000000 0.000000 0.000000 22.086744 
 0.043083 0.000000 0.000000 0.000000 23.087631 
 0.043167 0.000000 0.000000 0.000000 23.814455 
 0.043250 0.000000 0.000000 0.000000 23.725950 
 0.043333 0.000000 0.000000 0.000000 24.097357 
 0.043417 0.000000 0.000000 0.000000 24.063215 
 0.043500 0.000000 0.000000 0.000000 24.221134 
 0.043583 0.000000 0.000000 0.000000 23.866299 
 0.043667 0.000000 0.000000 0.000000 24.015961 
 0.043750 0.000000 0.000000 0.000000 23.820353 
 0.043833 0.000000 0.000000 0.000000 23.791420 
 0.043917 0.000000 0.000000 0.000000 23.044262 
 0.044000 0.000000 0.000000 0.000000 23.456991 
 0.044083 0.000000 0.000000 0.000000 23.197584 
 0.044167 0.000000 0.000000 0.000000 23.143324 
 0.044250 0.000000 0.000000 0.000000 22.591486 
 0.044333 0.000000 0.000000 0.000000 22.845255 
 0.044417 0.000000 0.000000 0.000000 22.501726 
 0.044500 0.000000 0.000000 0.000000 22.638201 
 0.044583 0.000000 0.000000 0.000000 22.394222 
 0.044667 0.000000 0.000000 0.000000 22.834082 
 0.044750 0.000000 0.000000 0.000000 22.311779 
 0.044833 0.000000 0.000000 0.000000 22.266088 
 0.044917 0.000000 0.000000 0.000000 21.892847 
 0.045000 0.000000 0.000000 0.000000 21.964905 
 0.045083 0.000000 0.000000 0.000000 22.087702 
 0.045167 0.000000 0.000000 0.000000 22.390110 
 0.045250 0.000000 0.000000 0.000000 21.607492 
 0.045333 0.000000 0.000000 0.000000 21.415520 
 0.045417 0.000000 0.000000 0.000000 21.701647 
 0.045500 0.000000 0.000000 0.000000 21.413433 
 0.045583 0.000000 0.000000 0.000000 21.100817 
 0.045667 0.000000 0.000000 0.000000 21.417854 
 0.045750 0.000000 0.000000 0.000000 21.374598 
 0.045833 0.000000 0.000000 0.000000 21.221598 
 0.045917 0.000000 0.000000 0.000000 20.844860 
 0.046000 0.000000 0.000000 0.000000 20.815557 
 0.046083 0.000000 0.000000 0.000000 20.445074 
 0.046167 0.000000 0.000000 0.000000 20.320740 
 0.046250 0.000000 0.000000 0.000000 20.586445 
 0.046333 0.000000 0.000000 0.000000 20.597441 
 0.046417 0.000000 0.000000 0.000000 20.751471 
 0.046500 0.000000 0.000000 0.000000 20.536072 
 0.046583 0.000000 0.000000 0.000000 20.595736 
 0.046667 0.000000 0.000000 0.000000 20.896122 
 0.046750 0.000000 0.000000 0.000000 20.732229 
 0.046833 0.000000 0.000000 0.000000 20.921085 
 0.046917 0.000000 0.000000 0.000000 20.319897 
 0.047000 0.000000 0.000000 0.000000 20.369770 
 0.047083 0.000000 0.000000 0.000000 20.257309 
 0.047167 0.000000 0.000000 0.000000 20.585041 
 0.047250 0.000000 0.000000 0.000000 19.959011 
 0.047333 0.000000 0.000000 0.000000 20.063364 
 0.047417 0.000000 0.000000 0.000000 19.832735 
 0.047500 0.000000 0.000000 0.000000 19.856529 
 0.047583 0.000000 0.000000 0.000000 19.608379 
 0.047667 0.000000 0.000000 0.000000 19.651337 
 0.047750 0.000000 0.000000 0.000000 19.485142 
 0.047833 0.000000 0.000000 0.000000 19.584995 
 0.047917 0.000000 0.000000 0.000000 19.570101 
 0.048000 0.000000 0.000000 0.000000 19.624792 
 0.048083 0.000000 0.000000 0.000000 19.017347 
 0.048167 0.000000 0.000000 0.000000 19.275911 
 0.048250 0.000000 0.000000 0.000000 19.233814 
 0.048333 0.000000 0.000000 0.000000 19.285685 
 0.048417 0.000000 0.000000 0.000000 19.192276 
 0.048500 0.000000 0.000000 0.000000 19.465548 
 0.048583 0.000000 0.000000 0.000000 18.895493 
 0.048667 0.000000 0.000000 0.000000 19.320955 
 0.048750 0.000000 0.000000 0.000000 18.962120 
 0.048833 0.000000 0.000000 0.000000 19.115822 
 0.048917 0.000000 0.000000 0.000000 18.719580 
 0.049000 0.000000 0.000000 0.000000 18.881409 
 0.049083 0.000000 0.000000 0.000000 18.592703 
 0.049167 0.000000 0.000000 0.000000 18.762445 
 0.049250 0.000000 0.000000 0.000000 18.901939 
 0.049333 0.000000 0.000000 0.000000 18.662573 
 0.049417 0.000000 0.000000 0.000000 18.640097 
 0.049500 0.000000 0.000000 0.000000 18.824768 
 0.049583 0.000000 0.000000 0.000000 18.252678 
 0.049667 0.000000 0.000000 0.000000 18.485001 
 0.049750 0.000000 0.000000 0.000000 18.412363 
 0.049833 0.000000 0.000000 0.000000 18.438133 
 0.049917 0.000000 0.000000 0.000000 18.260155 
 0.050000 0.000000 0.000000 0.000000 17.730633 
 0.050083 0.000000 0.000000 0.000000 18.080963 
 0.050167 0.000000 0.000000 0.000000 18.612106 
 0.050250 0.000000 0.000000 0.000000 18.161131 
 0.050333 0.000000 0.000000 0.000000 18.092537 
 0.050417 0.000000 0.000000 0.000000 17.649681 
 0.050500 0.000000 0.000000 0.000000 17.706964 
 0.050583 0.000000 0.000000 0.000000 17.687841 
 0.050667 0.000000 0.000000 0.000000 17.915836 
 0.050750 0.000000 0.000000 0.000000 17.619867 
 0.050833 0.000000 0.000000 0.000000 17.484827 
 0.050917 0.000000 0.000000 0.000000 17.477333 
 0.051000 0.000000 0.000000 0.000000 17.596443 
 0.051083 0.000000 0.000000 0.000000 17.473001 
 0.051167 0.000000 0.000000 0.000000 17.472324 
 0.051250 0.000000 0.000000 0.000000 17.365757 
 0.051333 0.000000 0.000000 0.000000 17.373547 
 0.051417 0.000000 0.000000 0.000000 17.385427 
 0.051500 0.000000 0.000000 0.000000 17.410913 
 0.051583 0.000000 0.000000 0.000000 17.536768 
 0.051667 0.000000 0.000000 0.000000 17.448204 
 0.051750 0.000000 0.000000 0.000000 17.234507 
 0.051833 0.000000 0.000000 0.000000 17.251871 
 0.051917 0.000000 0.000000 0.000000 16.989826 
 0.052000 0.000000 0.000000 0.000000 17.011833 
 0.052083 0.000000 0.000000 0.000000 17.068590 
 0.052167 0.000000 0.000000 0.000000 16.933367 
 0.052250 0.000000 0.000000 0.000000 16.834095 
 0.052333 0.000000 0.000000 0.000000 16.760532 
 0.052417 0.000000 0.000000 0.000000 16.623819 
 0.052500 0.000000 0.000000 0.000000 16.893969 
 0.052583 0.000000 0.000000 0.000000 16.676895 
 0.052667 0.000000 0.000000 0.000000 16.873121 
 0.052750 0.000000 0.000000 0.000000 16.555304 
 0.052833 0.000000 0.000000 0.000000 16.439865 
 0.052917 0.000000 0.000000 0.000000 16.395197 
 0.053000 0.000000 0.000000 0.000000 16.305473 
 0.053083 0.000000 0.000000 0.000000 16.356928 
 0.053167 0.000000 0.000000 0.000000 16.331669 
 0.053250 0.000000 0.000000 0.000000 16.340279 
 0.053333 0.000000 0.000000 0.000000 16.169651 
 0.053417 0.000000 0.000000 0.000000 16.117809 
 0.053500 0.000000 0.000000 0.000000 16.117809 
 0.053583 0.000000 0.000000 0.000000 15.986307 
 0.053667 0.000000 0.000000 0.000000 15.890491 
 0.053750 0.000000 0.000000 0.000000 15.944300 
 0.053833 0.000000 0.000000 0.000000 15.933922 
 0.053917 0.000000 0.000000 0.000000 15.848373 
 0.054000 0.000000 0.000000 0.000000 15.920128 
 0.054083 0.000000 0.000000 0.000000 15.777706 
 0.054167 0.000000 0.000000 0.000000 15.918343 
 0.054250 0.000000 0.000000 0.000000 15.773453 
 0.054333 0.000000 0.000000 0.000000 15.784168 
 0.054417 0.000000 0.000000 0.000000 15.866718 
 0.054500 0.000000 0.000000 0.000000 15.805120 
 0.054583 0.000000 0.000000 0.000000 15.566971 
 0.054667 0.000000 0.000000 0.000000 15.591665 
 0.054750 0.000000 0.000000 0.000000 15.477495 
 0.054833 0.000000 0.000000 0.000000 15.399157 
 0.054917 0.000000 0.000000 0.000000 15.425203 
 0.055000 0.000000 0.000000 0.000000 15.425203 
 0.055083 0.000000 0.000000 0.000000 15.351295 
 0.055167 0.000000 0.000000 0.000000 15.343645 
 0.055250 0.000000 0.000000 0.000000 15.194328 
 0.055333 0.000000 0.000000 0.000000 15.115671 
 0.055417 0.000000 0.000000 0.000000 15.261333 
 0.055500 0.000000 0.000000 0.000000 15.318268 
 0.055583 0.000000 0.000000 0.000000 15.227879 
 0.055667 0.000000 0.000000 0.000000 15.128073 
 0.055750 0.000000 0.000000 0.000000 15.004059 
 0.055833 0.000000 0.000000 0.000000 15.004059 
 0.055917 0.000000 0.000000 0.000000 14.918282 
 0.056000 0.000000 0.000000 0.000000 14.842882 
 0.056083 0.000000 0.000000 0.000000 14.713133 
 0.056167 0.000000 0.000000 0.000000 14.769678 
 0.056250 0.000000 0.000000 0.000000 14.688231 
 0.056333 0.000000 0.000000 0.000000 14.666128 
 0.056417 0.000000 0.000000 0.000000 14.580788 
 0.056500 0.000000 0.000000 0.000000 14.637102 
 0.056583 0.000000 0.000000 0.000000 14.563271 
 0.056667 0.000000 0.000000 0.000000 14.647501 
 0.056750 0.000000 0.000000 0.000000 14.798021 
 0.056833 0.000000 0.000000 0.000000 14.659954 
 0.056917 0.000000 0.000000 0.000000 14.367956 
 0.057000 0.000000 0.000000 0.000000 14.160587 
 0.057083 0.000000 0.000000 0.000000 14.311762 
 0.057167 0.000000 0.000000 0.000000 14.303831 
 0.057250 0.000000 0.000000 0.000000 14.492693 
 0.057333 0.000000 0.000000 0.000000 14.248522 
 0.057417 0.000000 0.000000 0.000000 14.198982 
 0.057500 0.000000 0.000000 0.000000 14.075274 
 0.057583 0.000000 0.000000 0.000000 14.041159 
 0.057667 0.000000 0.000000 0.000000 14.311569 
 0.057750 0.000000 0.000000 0.000000 13.999933 
 0.057833 0.000000 0.000000 0.000000 14.146564 
 0.057917 0.000000 0.000000 0.000000 14.250265 
 0.058000 0.000000 0.000000 0.000000 14.020708 
 0.058083 0.000000 0.000000 0.000000 13.960947 
 0.058167 0.000000 0.000000 0.000000 13.977776 
 0.058250 0.000000 0.000000 0.000000 13.660074 
 0.058333 0.000000 0.000000 0.000000 13.832010 
 0.058417 0.000000 0.000000 0.000000 13.874372 
 0.058500 0.000000 0.000000 0.000000 13.765835 
 0.058583 0.000000 0.000000 0.000000 13.771206 
 0.058667 0.000000 0.000000 0.000000 13.692291 
 0.058750 0.000000 0.000000 0.000000 13.817055 
 0.058833 0.000000 0.000000 0.000000 13.743586 
 0.058917 0.000000 0.000000 0.000000 13.604649 
 0.059000 0.000000 0.000000 0.000000 13.807505 
 0.059083 0.000000 0.000000 0.000000 13.396603 
 0.059167 0.000000 0.000000 0.000000 13.644739 
 0.059250 0.000000 0.000000 0.000000 13.382303 
 0.059333 0.000000 0.000000 0.000000 13.519449 
 0.059417 0.000000 0.000000 0.000000 13.527506 
 0.059500 0.000000 0.000000 0.000000 13.295029 
 0.059583 0.000000 0.000000 0.000000 13.304014 
 0.059667 0.000000 0.000000 0.000000 13.211901 
 0.059750 0.000000 0.000000 0.000000 13.365408 
 0.059833 0.000000 0.000000 0.000000 13.185806 
 0.059917 0.000000 0.000000 0.000000 13.146799 
 0.060000 0.000000 0.000000 0.000000 12.920183 
 0.060083 0.000000 0.000000 0.000000 13.331556 
 0.060167 0.000000 0.000000 0.000000 13.301956 
 0.060250 0.000000 0.000000 0.000000 13.046095 
 0.060333 0.000000 0.000000 0.000000 13.046095 
 0.060417 0.000000 0.000000 0.000000 13.075481 
 0.060500 0.000000 0.000000 0.000000 12.996021 
 0.060583 0.000000 0.000000 0.000000 12.888323 
 0.060667 0.000000 0.000000 0.000000 12.734159 
 0.060750 0.000000 0.000000 0.000000 12.691410 
 0.060833 0.000000 0.000000 0.000000 12.550489 
 0.060917 0.000000 0.000000 0.000000 12.655073 
 0.061000 0.000000 0.000000 0.000000 12.935522 
 0.061083 0.000000 0.000000 0.000000 13.126070 
 0.061167 0.000000 0.000000 0.000000 12.988832 
 0.061250 0.000000 0.000000 0.000000 12.756542 
 0.061333 0.000000 0.000000 0.000000 12.615667 
 0.061417 0.000000 0.000000 0.000000 12.815659 
 0.061500 0.000000 0.000000 0.000000 12.752775 
 0.061583 0.000000 0.000000 0.000000 12.597897 
 0.061667 0.000000 0.000000 0.000000 12.536812 
 0.061750 0.000000 0.000000 0.000000 12.590708 
 0.061833 0.000000 0.000000 0.000000 12.615364 
 0.061917 0.000000 0.000000 0.000000 12.761057 
 0.062000 0.000000 0.000000 0.000000 12.171371 
 0.062083 0.000000 0.000000 0.000000 12.324743 
 0.062167 0.000000 0.000000 0.000000 12.185255 
 0.062250 0.000000 0.000000 0.000000 12.338367 
 0.062333 0.000000 0.000000 0.000000 11.921335 
 0.062417 0.000000 0.000000 0.000000 12.354286 
 0.062500 0.000000 0.000000 0.000000 12.261471 
 0.062583 0.000000 0.000000 0.000000 12.242565 
 0.062667 0.000000 0.000000 0.000000 12.336622 
 0.062750 0.000000 0.000000 0.000000 12.269857 
 0.062833 0.000000 0.000000 0.000000 12.132755 
 0.062917 0.000000 0.000000 0.000000 12.211233 
 0.063000 0.000000 0.000000 0.000000 12.172937 
 0.063083 0.000000 0.000000 0.000000 11.811007 
 0.063167 0.000000 0.000000 0.000000 11.876160 
 0.063250 0.000000 0.000000 0.000000 12.190420 
 0.063333 0.000000 0.000000 0.000000 12.055485 
 0.063417 0.000000 0.000000 0.000000 11.996429 
 0.063500 0.000000 0.000000 0.000000 11.728441 
 0.063583 0.000000 0.000000 0.000000 11.915710 
 0.063667 0.000000 0.000000 0.000000 11.622503 
 0.063750 0.000000 0.000000 0.000000 11.701857 
 0.063833 0.000000 0.000000 0.000000 12.050789 
 0.063917 0.000000 0.000000 0.000000 11.921299 
 0.064000 0.000000 0.000000 0.000000 11.638138 
 0.064083 0.000000 0.000000 0.000000 11.707502 
 0.064167 0.000000 0.000000 0.000000 11.689260 
 0.064250 0.000000 0.000000 0.000000 11.780138 
 0.064333 0.000000 0.000000 0.000000 11.636137 
 0.064417 0.000000 0.000000 0.000000 11.491302 
 0.064500 0.000000 0.000000 0.000000 11.478518 
 0.064583 0.000000 0.000000 0.000000 11.329586 
 0.064667 0.000000 0.000000 0.000000 11.455936 
 0.064750 0.000000 0.000000 0.000000 11.907503 
 0.064833 0.000000 0.000000 0.000000 11.420795 
 0.064917 0.000000 0.000000 0.000000 11.274527 
 0.065000 0.000000 0.000000 0.000000 11.270237 
 0.065083 0.000000 0.000000 0.000000 11.368259 
 0.065167 0.000000 0.000000 0.000000 11.610304 
 0.065250 0.000000 0.000000 0.000000 11.592375 
 0.065333 0.000000 0.000000 0.000000 11.471224 
 0.065417 0.000000 0.000000 0.000000 11.576611 
 0.065500 0.000000 0.000000 0.000000 11.708351 
 0.065583 0.000000 0.000000 0.000000 11.200592 
 0.065667 0.000000 0.000000 0.000000 11.082348 
 0.065750 0.000000 0.000000 0.000000 11.559618 
 0.065833 0.000000 0.000000 0.000000 11.073677 
 0.065917 0.000000 0.000000 0.000000 11.183813 
 0.066000 0.000000 0.000000 0.000000 11.068369 
 0.066083 0.000000 0.000000 0.000000 10.951954 
 0.066167 0.000000 0.000000 0.000000 10.951954 
 0.066250 0.000000 0.000000 0.000000 10.930473 
 0.066333 0.000000 0.000000 0.000000 10.947458 
 0.066417 0.000000 0.000000 0.000000 10.945208 
 0.066500 0.000000 0.000000 0.000000 10.854570 
 0.066583 0.000000 0.000000 0.000000 10.968075 
 0.066667 0.000000 0.000000 0.000000 10.619118 
 0.066750 0.000000 0.000000 0.000000 10.866728 
 0.066833 0.000000 0.000000 0.000000 10.759687 
 0.066917 0.000000 0.000000 0.000000 10.875666 
 0.067000 0.000000 0.000000 0.000000 10.637186 
 0.067083 0.000000 0.000000 0.000000 10.684101 
 0.067167 0.000000 0.000000 0.000000 10.713861 
 0.067250 0.000000 0.000000 0.000000 10.596266 
 0.067333 0.000000 0.000000 0.000000 10.629034 
 0.067417 0.000000 0.000000 0.000000 11.222525 
 0.067500 0.000000 0.000000 0.000000 10.616228 
 0.067583 0.000000 0.000000 0.000000 11.006601 
 0.067667 0.000000 0.000000 0.000000 10.772507 
 0.067750 0.000000 0.000000 0.000000 10.798809 
 0.067833 0.000000 0.000000 0.000000 10.702501 
 0.067917 0.000000 0.000000 0.000000 10.730900 
 0.068000 0.000000 0.000000 0.000000 10.499243 
 0.068083 0.000000 0.000000 0.000000 10.302248 
 0.068167 0.000000 0.000000 0.000000 10.254213 
 0.068250 0.000000 0.000000 0.000000 10.294453 
 0.068333 0.000000 0.000000 0.000000 10.432497 
 0.068417 0.000000 0.000000 0.000000 10.651363 
 0.068500 0.000000 0.000000 0.000000 10.789879 
 0.068583 0.000000 0.000000 0.000000 10.411409 
 0.068667 0.000000 0.000000 0.000000 10.133541 
 0.068750 0.000000 0.000000 0.000000 10.032084 
 0.068833 0.000000 0.000000 0.000000 9.778111 
 0.068917 0.000000 0.000000 0.000000 10.049431 
 0.069000 0.000000 0.000000 0.000000 10.049431 
 0.069083 0.000000 0.000000 0.000000 10.197861 
 0.069167 0.000000 0.000000 0.000000 9.955519 
 0.069250 0.000000 0.000000 0.000000 10.145084 
 0.069333 0.000000 0.000000 0.000000 9.567383 
 0.069417 0.000000 0.000000 0.000000 10.054640 
 0.069500 0.000000 0.000000 0.000000 10.054640 
 0.069583 0.000000 0.000000 0.000000 10.042358 
 0.069667 0.000000 0.000000 0.000000 9.892815 
 0.069750 0.000000 0.000000 0.000000 10.369772 
 0.069833 0.000000 0.000000 0.000000 10.021622 
 0.069917 0.000000 0.000000 0.000000 9.798054 
 0.070000 0.000000 0.000000 0.000000 9.938370 
 0.070083 0.000000 0.000000 0.000000 9.642849 
 0.070167 0.000000 0.000000 0.000000 9.851845 
 0.070250 0.000000 0.000000 0.000000 9.832914 
 0.070333 0.000000 0.000000 0.000000 9.559492 
 0.070417 0.000000 0.000000 0.000000 9.748304 
 0.070500 0.000000 0.000000 0.000000 9.554504 
 0.070583 0.000000 0.000000 0.000000 9.681051 
 0.070667 0.000000 0.000000 0.000000 9.478325 
 0.070750 0.000000 0.000000 0.000000 9.598957 
 0.070833 0.000000 0.000000 0.000000 9.838369 
 0.070917 0.000000 0.000000 0.000000 9.548836 
 0.071000 0.000000 0.000000 0.000000 9.211338 
 0.071083 0.000000 0.000000 0.000000 9.900700 
 0.071167 0.000000 0.000000 0.000000 9.201199 
 0.071250 0.000000 0.000000 0.000000 9.328766 
 0.071333 0.000000 0.000000 0.000000 8.941751 
 0.071417 0.000000 0.000000 0.000000 9.205585 
 0.071500 0.000000 0.000000 0.000000 9.534697 
 0.071583 0.000000 0.000000 0.000000 9.469723 
 0.071667 0.000000 0.000000 0.000000 9.232124 
 0.071750 0.000000 0.000000 0.000000 9.084006 
 0.071833 0.000000 0.000000 0.000000 9.084006 
 0.071917 0.000000 0.000000 0.000000 9.211004 
 0.072000 0.000000 0.000000 0.000000 9.394684 
 0.072083 0.000000 0.000000 0.000000 9.107588 
 0.072167 0.000000 0.000000 0.000000 9.020252 
 0.072250 0.000000 0.000000 0.000000 8.833082 
 0.072333 0.000000 0.000000 0.000000 9.011322 
 0.072417 0.000000 0.000000 0.000000 9.098013 
 0.072500 0.000000 0.000000 0.000000 9.234297 
 0.072583 0.000000 0.000000 0.000000 9.050200 
 0.072667 0.000000 0.000000 0.000000 9.012856 
 0.072750 0.000000 0.000000 0.000000 9.173830 
 0.072833 0.000000 0.000000 0.000000 9.003653 
 0.072917 0.000000 0.000000 0.000000 9.130247 
 0.073000 0.000000 0.000000 0.000000 9.634327 
 0.073083 0.000000 0.000000 0.000000 8.815835 
 0.073167 0.000000 0.000000 0.000000 8.815835 
 0.073250 0.000000 0.000000 0.000000 8.806931 
 0.073333 0.000000 0.000000 0.000000 8.719895 
 0.073417 0.000000 0.000000 0.000000 8.608496 
 0.073500 0.000000 0.000000 0.000000 8.581411 
 0.073583 0.000000 0.000000 0.000000 8.177095 
 0.073667 0.000000 0.000000 0.000000 8.440907 
 0.073750 0.000000 0.000000 0.000000 8.672937 
 0.073833 0.000000 0.000000 0.000000 8.804164 
 0.073917 0.000000 0.000000 0.000000 8.922376 
 0.074000 0.000000 0.000000 0.000000 8.751589 
 0.074083 0.000000 0.000000 0.000000 8.895370 
 0.074167 0.000000 0.000000 0.000000 8.616850 
 0.074250 0.000000 0.000000 0.000000 8.621331 
 0.074333 0.000000 0.000000 0.000000 8.734001 
 0.074417 0.000000 0.000000 0.000000 8.455204 
 0.074500 0.000000 0.000000 0.000000 8.568784 
 0.074583 0.000000 0.000000 0.000000 8.293965 
 0.074667 0.000000 0.000000 0.000000 7.912566 
 0.074750 0.000000 0.000000 0.000000 8.298531 
 0.074833 0.000000 0.000000 0.000000 8.288456 
 0.074917 0.000000 0.000000 0.000000 8.282841 
 0.075000 0.000000 0.000000 0.000000 8.015188 
 0.075083 0.000000 0.000000 0.000000 8.012646 
 0.075167 0.000000 0.000000 0.000000 8.137058 
 0.075250 0.000000 0.000000 0.000000 8.385916 
 0.075333 0.000000 0.000000 0.000000 8.127911 
 0.075417 0.000000 0.000000 0.000000 8.128488 
 0.075500 0.000000 0.000000 0.000000 8.126431 
 0.075583 0.000000 0.000000 0.000000 8.118465 
 0.075667 0.000000 0.000000 0.000000 7.997129 
 0.075750 0.000000 0.000000 0.000000 8.112831 
 0.075833 0.000000 0.000000 0.000000 7.873299 
 0.075917 0.000000 0.000000 0.000000 7.981848 
 0.076000 0.000000 0.000000 0.000000 8.105155 
 0.076083 0.000000 0.000000 0.000000 7.986418 
 0.076167 0.000000 0.000000 0.000000 8.222850 
 0.076250 0.000000 0.000000 0.000000 7.997617 
 0.076333 0.000000 0.000000 0.000000 7.872341 
 0.076417 0.000000 0.000000 0.000000 7.761921 
 0.076500 0.000000 0.000000 0.000000 7.645442 
 0.076583 0.000000 0.000000 0.000000 7.737666 
 0.076667 0.000000 0.000000 0.000000 7.551504 
 0.076750 0.000000 0.000000 0.000000 7.642538 
 0.076833 0.000000 0.000000 0.000000 7.528064 
 0.076917 0.000000 0.000000 0.000000 7.766543 
 0.077000 0.000000 0.000000 0.000000 7.750921 
 0.077083 0.000000 0.000000 0.000000 7.729386 
 0.077167 0.000000 0.000000 0.000000 7.617258 
 0.077250 0.000000 0.000000 0.000000 7.646494 
 0.077333 0.000000 0.000000 0.000000 7.776592 
 0.077417 0.000000 0.000000 0.000000 7.752340 
 0.077500 0.000000 0.000000 0.000000 7.752340 
 0.077583 0.000000 0.000000 0.000000 7.681386 
 0.077667 0.000000 0.000000 0.000000 7.572878 
 0.077750 0.000000 0.000000 0.000000 7.463415 
 0.077833 0.000000 0.000000 0.000000 7.463415 
 0.077917 0.000000 0.000000 0.000000 7.248365 
 0.078000 0.000000 0.000000 0.000000 7.221749 
 0.078083 0.000000 0.000000 0.000000 7.324123 
 0.078167 0.000000 0.000000 0.000000 7.219139 
 0.078250 0.000000 0.000000 0.000000 7.111797 
 0.078333 0.000000 0.000000 0.000000 7.141703 
 0.078417 0.000000 0.000000 0.000000 7.171627 
 0.078500 0.000000 0.000000 0.000000 7.171627 
 0.078583 0.000000 0.000000 0.000000 7.069301 
 0.078667 0.000000 0.000000 0.000000 7.272476 
 0.078750 0.000000 0.000000 0.000000 7.234240 
 0.078833 0.000000 0.000000 0.000000 7.068693 
 0.078917 0.000000 0.000000 0.000000 7.264390 
 0.079000 0.000000 0.000000 0.000000 7.005000 
 0.079083 0.000000 0.000000 0.000000 6.830382 
 0.079167 0.000000 0.000000 0.000000 6.966661 
 0.079250 0.000000 0.000000 0.000000 6.964538 
 0.079333 0.000000 0.000000 0.000000 6.868127 
 0.079417 0.000000 0.000000 0.000000 6.961164 
 0.079500 0.000000 0.000000 0.000000 6.824049 
 0.079583 0.000000 0.000000 0.000000 7.007412 
 0.079667 0.000000 0.000000 0.000000 6.957285 
 0.079750 0.000000 0.000000 0.000000 7.044314 
 0.079833 0.000000 0.000000 0.000000 6.951921 
 0.079917 0.000000 0.000000 0.000000 6.853934 
 0.080000 0.000000 0.000000 0.000000 6.806483 
 0.080083 0.000000 0.000000 0.000000 6.761690 
 0.080167 0.000000 0.000000 0.000000 6.713653 
 0.080250 0.000000 0.000000 0.000000 6.843977 
 0.080333 0.000000 0.000000 0.000000 6.793774 
 0.080417 0.000000 0.000000 0.000000 6.785409 
 0.080500 0.000000 0.000000 0.000000 6.872673 
 0.080583 0.000000 0.000000 0.000000 6.782112 
 0.080667 0.000000 0.000000 0.000000 6.782112 
 0.080750 0.000000 0.000000 0.000000 6.651835 
 0.080833 0.000000 0.000000 0.000000 6.736447 
 0.080917 0.000000 0.000000 0.000000 6.563449 
 0.081000 0.000000 0.000000 0.000000 6.507423 
 0.081083 0.000000 0.000000 0.000000 6.477700 
 0.081167 0.000000 0.000000 0.000000 6.617448 
 0.081250 0.000000 0.000000 0.000000 6.529812 
 0.081333 0.000000 0.000000 0.000000 6.493156 
 0.081417 0.000000 0.000000 0.000000 6.462464 
 0.081500 0.000000 0.000000 0.000000 6.523485 
 0.081583 0.000000 0.000000 0.000000 6.675917 
 0.081667 0.000000 0.000000 0.000000 6.503561 
 0.081750 0.000000 0.000000 0.000000 6.441404 
 0.081833 0.000000 0.000000 0.000000 6.310535 
 0.081917 0.000000 0.000000 0.000000 6.366313 
 0.082000 0.000000 0.000000 0.000000 6.280757 
 0.082083 0.000000 0.000000 0.000000 6.336338 
 0.082167 0.000000 0.000000 0.000000 6.204576 
 0.082250 0.000000 0.000000 0.000000 6.276134 
 0.082333 0.000000 0.000000 0.000000 6.208979 
 0.082417 0.000000 0.000000 0.000000 6.198149 
 0.082500 0.000000 0.000000 0.000000 6.057516 
 0.082583 0.000000 0.000000 0.000000 5.983421 
 0.082667 0.000000 0.000000 0.000000 6.054770 
 0.082750 0.000000 0.000000 0.000000 5.981860 
 0.082833 0.000000 0.000000 0.000000 5.844066 
 0.082917 0.000000 0.000000 0.000000 5.911104 
 0.083000 0.000000 0.000000 0.000000 5.916512 
 0.083083 0.000000 0.000000 0.000000 5.916682 
 0.083167 0.000000 0.000000 0.000000 5.569181 
 0.083250 0.000000 0.000000 0.000000 5.958280 