0.000000 0.000000 0.000000 0.000000 0.013178 
 0.000083 2.000000 2.000000 2.000000 0.011994 
 0.000167 2.000000 2.000000 2.000000 0.069544 
 0.000250 2.000000 2.000000 2.000000 0.056157 
 0.000333 2.000000 2.000000 2.000000 0.214711 
 0.000417 2.000000 2.000000 2.000000 0.427963 
 0.000500 2.000000 2.000000 2.000000 0.682794 
 0.000583 2.000000 2.000000 2.000000 0.935632 
 0.000667 2.000000 2.000000 2.000000 1.182471 
 0.000750 2.000000 2.000000 2.000000 1.405004 
 0.000833 2.000000 2.000000 2.000000 1.586392 
 0.000917 2.000000 2.000000 2.000000 1.731109 
 0.001000 2.000000 2.000000 2.000000 1.835908 
 0.001083 2.000000 2.000000 2.000000 1.901575 
 0.001167 2.000000 2.000000 2.000000 1.930632 
 0.001250 2.000000 2.000000 2.000000 1.939934 
 0.001333 2.000000 2.000000 2.000000 1.912497 
 0.001417 2.000000 2.000000 2.000000 1.890941 
 0.001500 2.000000 2.000000 2.000000 1.851307 
 0.001583 2.000000 2.000000 2.000000 1.822189 
 0.001667 2.000000 2.000000 2.000000 1.753754 
 0.001750 2.000000 2.000000 2.000000 1.706763 
 0.001833 2.000000 2.000000 2.000000 1.672599 
 0.001917 2.000000 2.000000 2.000000 1.631226 
 0.002000 2.000000 2.000000 2.000000 1.614282 
 0.002083 2.000000 2.000000 2.000000 1.589071 
 0.002167 2.000000 2.000000 2.000000 1.581447 
 0.002250 2.000000 2.000000 2.000000 1.586871 
 0.002333 2.000000 2.000000 2.000000 1.578244 
 0.002417 2.000000 2.000000 2.000000 1.595126 
 0.002500 2.000000 2.000000 2.000000 1.598786 
 0.002583 2.000000 2.000000 2.000000 1.611008 
 0.002667 2.000000 2.000000 2.000000 1.610934 
 0.002750 2.000000 2.000000 2.000000 1.608294 
 0.002833 2.000000 2.000000 2.000000 1.607964 
 0.002917 2.000000 2.000000 2.000000 1.612795 
 0.003000 2.000000 2.000000 2.000000 1.615064 
 0.003083 2.000000 2.000000 2.000000 1.622435 
 0.003167 2.000000 2.000000 2.000000 1.610202 
 0.003250 2.000000 2.000000 2.000000 1.607692 
 0.003333 2.000000 2.000000 2.000000 1.614588 
 0.003417 2.000000 2.000000 2.000000 1.617010 
 0.003500 2.000000 2.000000 2.000000 1.609320 
 0.003583 2.000000 2.000000 2.000000 1.614259 
 0.003667 2.000000 2.000000 2.000000 1.606719 
 0.003750 2.000000 2.000000 2.000000 1.601757 
 0.003833 2.000000 2.000000 2.000000 1.608564 
 0.003917 2.000000 2.000000 2.000000 1.599066 
 0.004000 2.000000 2.000000 2.000000 1.598748 
 0.004083 2.000000 2.000000 2.000000 1.591526 
 0.004167 2.000000 2.000000 2.000000 1.591156 
 0.004250 2.000000 2.000000 2.000000 1.579733 
 0.004333 2.000000 2.000000 2.000000 1.590844 
 0.004417 2.000000 2.000000 2.000000 1.571421 
 0.004500 2.000000 2.000000 2.000000 1.593838 
 0.004583 2.000000 2.000000 2.000000 1.581567 
 0.004667 2.000000 2.000000 2.000000 1.579958 
 0.004750 2.000000 2.000000 2.000000 1.574086 
 0.004833 2.000000 2.000000 2.000000 1.563098 
 0.004917 2.000000 2.000000 2.000000 1.564924 
 0.005000 2.000000 2.000000 2.000000 1.559598 
 0.005083 2.000000 2.000000 2.000000 1.570063 
 0.005167 2.000000 2.000000 2.000000 1.557252 
 0.005250 2.000000 2.000000 2.000000 1.544971 
 0.005333 2.000000 2.000000 2.000000 1.542688 
 0.005417 2.000000 2.000000 2.000000 1.548020 
 0.005500 2.000000 2.000000 2.000000 1.548997 
 0.005583 2.000000 2.000000 2.000000 1.555902 
 0.005667 2.000000 2.000000 2.000000 1.561100 
 0.005750 2.000000 2.000000 2.000000 1.561100 
 0.005833 2.000000 2.000000 2.000000 1.558585 
 0.005917 2.000000 2.000000 2.000000 1.551778 
 0.006000 2.000000 2.000000 2.000000 1.545733 
 0.006083 2.000000 2.000000 2.000000 1.540196 
 0.006167 2.000000 2.000000 2.000000 1.526032 
 0.006250 2.000000 2.000000 2.000000 1.519316 
 0.006333 2.000000 2.000000 2.000000 1.524744 
 0.006417 2.000000 2.000000 2.000000 1.525839 
 0.006500 2.000000 2.000000 2.000000 1.531098 
 0.006583 2.000000 2.000000 2.000000 1.524425 
 0.006667 2.000000 2.000000 2.000000 1.529768 
 0.006750 2.000000 2.000000 2.000000 1.523195 
 0.006833 2.000000 2.000000 2.000000 1.522629 
 0.006917 2.000000 2.000000 2.000000 1.528414 
 0.007000 2.000000 2.000000 2.000000 1.515350 
 0.007083 2.000000 2.000000 2.000000 1.521823 
 0.007167 2.000000 2.000000 2.000000 1.489494 
 0.007250 2.000000 2.000000 2.000000 1.515186 
 0.007333 2.000000 2.000000 2.000000 1.514486 
 0.007417 2.000000 2.000000 2.000000 1.502164 
 0.007500 2.000000 2.000000 2.000000 1.500760 
 0.007583 2.000000 2.000000 2.000000 1.507075 
 0.007667 2.000000 2.000000 2.000000 1.500058 
 0.007750 2.000000 2.000000 2.000000 1.493570 
 0.007833 2.000000 2.000000 2.000000 1.479855 
 0.007917 2.000000 2.000000 2.000000 1.479855 
 0.008000 2.000000 2.000000 2.000000 1.491668 
 0.008083 2.000000 2.000000 2.000000 1.491608 
 0.008167 2.000000 2.000000 2.000000 1.503102 
 0.008250 2.000000 2.000000 2.000000 1.490596 
 0.008333 2.000000 2.000000 2.000000 1.496355 
 0.008417 2.000000 2.000000 2.000000 1.490072 
 0.008500 2.000000 2.000000 2.000000 1.475816 
 0.008583 2.000000 2.000000 2.000000 1.475816 
 0.008667 2.000000 2.000000 2.000000 1.468758 
 0.008750 2.000000 2.000000 2.000000 1.462914 
 0.008833 2.000000 2.000000 2.000000 1.467272 
 0.008917 2.000000 2.000000 2.000000 1.468714 
 0.009000 2.000000 2.000000 2.000000 1.460922 
 0.009083 2.000000 2.000000 2.000000 1.462658 
 0.009167 2.000000 2.000000 2.000000 1.458846 
 0.009250 2.000000 2.000000 2.000000 1.441852 
 0.009333 2.000000 2.000000 2.000000 1.453001 
 0.009417 2.000000 2.000000 2.000000 1.448519 
 0.009500 2.000000 2.000000 2.000000 1.456972 
 0.009583 2.000000 2.000000 2.000000 1.452737 
 0.009667 2.000000 2.000000 2.000000 1.458664 
 0.009750 2.000000 2.000000 2.000000 1.453203 
 0.009833 2.000000 2.000000 2.000000 1.451618 
 0.009917 2.000000 2.000000 2.000000 1.451618 
 0.010000 2.000000 2.000000 2.000000 1.437870 
 0.010083 2.000000 2.000000 2.000000 1.432592 
 0.010167 2.000000 2.000000 2.000000 1.425949 
 0.010250 2.000000 2.000000 2.000000 1.431141 
 0.010333 2.000000 2.000000 2.000000 1.424888 
 0.010417 2.000000 2.000000 2.000000 1.424888 
 0.010500 2.000000 2.000000 2.000000 1.423294 
 0.010583 2.000000 2.000000 2.000000 1.425483 
 0.010667 2.000000 2.000000 2.000000 1.427785 
 0.010750 2.000000 2.000000 2.000000 1.426941 
 0.010833 2.000000 2.000000 2.000000 1.410437 
 0.010917 2.000000 2.000000 2.000000 1.412935 
 0.011000 2.000000 2.000000 2.000000 1.419172 
 0.011083 2.000000 2.000000 2.000000 1.419172 
 0.011167 2.000000 2.000000 2.000000 1.415300 
 0.011250 2.000000 2.000000 2.000000 1.413329 
 0.011333 2.000000 2.000000 2.000000 1.416172 
 0.011417 2.000000 2.000000 2.000000 1.394708 
 0.011500 2.000000 2.000000 2.000000 1.408057 
 0.011583 2.000000 2.000000 2.000000 1.397155 
 0.011667 2.000000 2.000000 2.000000 1.399332 
 0.011750 2.000000 2.000000 2.000000 1.391579 
 0.011833 2.000000 2.000000 2.000000 1.392924 
 0.011917 2.000000 2.000000 2.000000 1.388611 
 0.012000 2.000000 2.000000 2.000000 1.387326 
 0.012083 2.000000 2.000000 2.000000 1.383093 
 0.012167 2.000000 2.000000 2.000000 1.373665 
 0.012250 2.000000 2.000000 2.000000 1.385505 
 0.012333 2.000000 2.000000 2.000000 1.388154 
 0.012417 2.000000 2.000000 2.000000 1.384138 
 0.012500 2.000000 2.000000 2.000000 1.385991 
 0.012583 2.000000 2.000000 2.000000 1.382050 
 0.012667 2.000000 2.000000 2.000000 1.367649 
 0.012750 2.000000 2.000000 2.000000 1.368245 
 0.012833 2.000000 2.000000 2.000000 1.371022 
 0.012917 2.000000 2.000000 2.000000 1.362695 
 0.013000 2.000000 2.000000 2.000000 1.353965 
 0.013083 2.000000 2.000000 2.000000 1.358710 
 0.013167 2.000000 2.000000 2.000000 1.363629 
 0.013250 2.000000 2.000000 2.000000 1.360122 
 0.013333 2.000000 2.000000 2.000000 1.377260 
 0.013417 2.000000 2.000000 2.000000 1.363520 
 0.013500 2.000000 2.000000 2.000000 1.373367 
 0.013583 2.000000 2.000000 2.000000 1.364701 
 0.013667 2.000000 2.000000 2.000000 1.342994 
 0.013750 2.000000 2.000000 2.000000 1.339774 
 0.013833 2.000000 2.000000 2.000000 1.337359 
 0.013917 2.000000 2.000000 2.000000 1.339979 
 0.014000 2.000000 2.000000 2.000000 1.343716 
 0.014083 2.000000 2.000000 2.000000 1.337785 
 0.014167 2.000000 2.000000 2.000000 1.338496 
 0.014250 2.000000 2.000000 2.000000 1.344627 
 0.014333 2.000000 2.000000 2.000000 1.343312 
 0.014417 2.000000 2.000000 2.000000 1.334251 
 0.014500 2.000000 2.000000 2.000000 1.323571 
 0.014583 2.000000 2.000000 2.000000 1.317083 
 0.014667 2.000000 2.000000 2.000000 1.320764 
 0.014750 2.000000 2.000000 2.000000 1.325734 
 0.014833 2.000000 2.000000 2.000000 1.316539 
 0.014917 2.000000 2.000000 2.000000 1.325834 
 0.015000 2.000000 2.000000 2.000000 1.309492 
 0.015083 2.000000 2.000000 2.000000 1.318873 
 0.015167 2.000000 2.000000 2.000000 1.314202 
 0.015250 2.000000 2.000000 2.000000 1.300488 
 0.015333 2.000000 2.000000 2.000000 1.313604 
 0.015417 2.000000 2.000000 2.000000 1.302504 
 0.015500 2.000000 2.000000 2.000000 1.304957 
 0.015583 2.000000 2.000000 2.000000 1.297114 
 0.015667 2.000000 2.000000 2.000000 1.303634 
 0.015750 2.000000 2.000000 2.000000 1.297425 
 0.015833 2.000000 2.000000 2.000000 1.300142 
 0.015917 2.000000 2.000000 2.000000 1.298569 
 0.016000 2.000000 2.000000 2.000000 1.295184 
 0.016083 2.000000 2.000000 2.000000 1.296660 
 0.016167 2.000000 2.000000 2.000000 1.289486 
 0.016250 2.000000 2.000000 2.000000 1.289486 
 0.016333 2.000000 2.000000 2.000000 1.275732 
 0.016417 2.000000 2.000000 2.000000 1.294647 
 0.016500 2.000000 2.000000 2.000000 1.280292 
 0.016583 2.000000 2.000000 2.000000 1.281362 
 0.016667 2.000000 2.000000 2.000000 1.276687 
 0.016750 2.000000 2.000000 2.000000 1.275774 
 0.016833 2.000000 2.000000 2.000000 1.273629 
 0.016917 2.000000 2.000000 2.000000 1.283131 
 0.017000 2.000000 2.000000 2.000000 1.271062 
 0.017083 2.000000 2.000000 2.000000 1.280791 
 0.017167 2.000000 2.000000 2.000000 1.279968 
 0.017250 2.000000 2.000000 2.000000 1.279441 
 0.017333 2.000000 2.000000 2.000000 1.264740 
 0.017417 2.000000 2.000000 2.000000 1.254219 
 0.017500 2.000000 2.000000 2.000000 1.272315 
 0.017583 2.000000 2.000000 2.000000 1.261517 
 0.017667 2.000000 2.000000 2.000000 1.257444 
 0.017750 2.000000 2.000000 2.000000 1.257479 
 0.017833 2.000000 2.000000 2.000000 1.235315 
 0.017917 2.000000 2.000000 2.000000 1.256878 
 0.018000 2.000000 2.000000 2.000000 1.253683 
 0.018083 2.000000 2.000000 2.000000 1.254153 
 0.018167 2.000000 2.000000 2.000000 1.241411 
 0.018250 2.000000 2.000000 2.000000 1.252280 
 0.018333 2.000000 2.000000 2.000000 1.250063 
 0.018417 2.000000 2.000000 2.000000 1.238583 
 0.018500 2.000000 2.000000 2.000000 1.236283 
 0.018583 2.000000 2.000000 2.000000 1.236283 
 0.018667 2.000000 2.000000 2.000000 1.234266 
 0.018750 2.000000 2.000000 2.000000 1.233435 
 0.018833 2.000000 2.000000 2.000000 1.231919 
 0.018917 2.000000 2.000000 2.000000 1.257260 
 0.019000 2.000000 2.000000 2.000000 1.221032 
 0.019083 2.000000 2.000000 2.000000 1.208639 
 0.019167 2.000000 2.000000 2.000000 1.229835 
 0.019250 2.000000 2.000000 2.000000 1.219838 
 0.019333 2.000000 2.000000 2.000000 1.177042 
 0.019417 2.000000 2.000000 2.000000 1.218347 
 0.019500 2.000000 2.000000 2.000000 1.216582 
 0.019583 2.000000 2.000000 2.000000 1.228005 
 0.019667 2.000000 2.000000 2.000000 1.240417 
 0.019750 2.000000 2.000000 2.000000 1.228943 
 0.019833 2.000000 2.000000 2.000000 1.218019 
 0.019917 2.000000 2.000000 2.000000 1.227621 
 0.020000 2.000000 2.000000 2.000000 1.226092 
 0.020083 2.000000 2.000000 2.000000 1.226092 
 0.020167 2.000000 2.000000 2.000000 1.230923 
 0.020250 2.000000 2.000000 2.000000 1.221508 
 0.020333 2.000000 2.000000 2.000000 1.206308 
 0.020417 2.000000 2.000000 2.000000 1.218018 
 0.020500 2.000000 2.000000 2.000000 1.191352 
 0.020583 2.000000 2.000000 2.000000 1.217485 
 0.020667 2.000000 2.000000 2.000000 1.205381 
 0.020750 2.000000 2.000000 2.000000 1.193567 
 0.020833 2.000000 2.000000 2.000000 1.187415 
 0.020917 2.000000 2.000000 2.000000 1.193264 
 0.021000 2.000000 2.000000 2.000000 1.165687 
 0.021083 2.000000 2.000000 2.000000 1.171902 
 0.021167 2.000000 2.000000 2.000000 1.183989 
 0.021250 2.000000 2.000000 2.000000 1.199204 
 0.021333 2.000000 2.000000 2.000000 1.159972 
 0.021417 2.000000 2.000000 2.000000 1.153119 
 0.021500 2.000000 2.000000 2.000000 1.184165 
 0.021583 2.000000 2.000000 2.000000 1.184165 
 0.021667 2.000000 2.000000 2.000000 1.184209 
 0.021750 2.000000 2.000000 2.000000 1.203802 
 0.021833 2.000000 2.000000 2.000000 1.184525 
 0.021917 2.000000 2.000000 2.000000 1.188427 
 0.022000 2.000000 2.000000 2.000000 1.196787 
 0.022083 2.000000 2.000000 2.000000 1.184639 
 0.022167 2.000000 2.000000 2.000000 1.169310 
 0.022250 2.000000 2.000000 2.000000 1.157134 
 0.022333 2.000000 2.000000 2.000000 1.162100 
 0.022417 2.000000 2.000000 2.000000 1.190942 
 0.022500 2.000000 2.000000 2.000000 1.200979 
 0.022583 2.000000 2.000000 2.000000 1.171897 
 0.022667 2.000000 2.000000 2.000000 1.148895 
 0.022750 2.000000 2.000000 2.000000 1.161153 
 0.022833 2.000000 2.000000 2.000000 1.144640 
 0.022917 2.000000 2.000000 2.000000 1.154563 
 0.023000 2.000000 2.000000 2.000000 1.121414 
 0.023083 2.000000 2.000000 2.000000 1.156256 
 0.023167 2.000000 2.000000 2.000000 1.165070 
 0.023250 2.000000 2.000000 2.000000 1.170349 
 0.023333 2.000000 2.000000 2.000000 1.154095 
 0.023417 2.000000 2.000000 2.000000 1.159546 
 0.023500 2.000000 2.000000 2.000000 1.154397 
 0.023583 2.000000 2.000000 2.000000 1.153299 
 0.023667 2.000000 2.000000 2.000000 1.137278 
 0.023750 2.000000 2.000000 2.000000 1.143069 
 0.023833 2.000000 2.000000 2.000000 1.151197 
 0.023917 2.000000 2.000000 2.000000 1.175469 
 0.024000 2.000000 2.000000 2.000000 1.159711 
 0.024083 2.000000 2.000000 2.000000 1.153584 
 0.024167 2.000000 2.000000 2.000000 1.112232 
 0.024250 2.000000 2.000000 2.000000 1.124853 
 0.024333 2.000000 2.000000 2.000000 1.084228 
 0.024417 2.000000 2.000000 2.000000 1.128255 
 0.024500 2.000000 2.000000 2.000000 1.149577 
 0.024583 2.000000 2.000000 2.000000 1.137234 
 0.024667 2.000000 2.000000 2.000000 1.127813 
 0.024750 2.000000 2.000000 2.000000 1.134595 
 0.024833 2.000000 2.000000 2.000000 1.124996 
 0.024917 2.000000 2.000000 2.000000 1.112678 
 0.025000 2.000000 2.000000 2.000000 1.115904 
 0.025083 2.000000 2.000000 2.000000 1.108789 
 0.025167 2.000000 2.000000 2.000000 1.126353 
 0.025250 2.000000 2.000000 2.000000 1.133626 
 0.025333 2.000000 2.000000 2.000000 1.104827 
 0.025417 2.000000 2.000000 2.000000 1.131972 
 0.025500 2.000000 2.000000 2.000000 1.127747 
 0.025583 2.000000 2.000000 2.000000 1.115519 
 0.025667 2.000000 2.000000 2.000000 1.124069 
 0.025750 2.000000 2.000000 2.000000 1.119612 
 0.025833 2.000000 2.000000 2.000000 1.078439 
 0.025917 2.000000 2.000000 2.000000 1.126503 
 0.026000 2.000000 2.000000 2.000000 1.093311 
 0.026083 2.000000 2.000000 2.000000 1.093311 
 0.026167 2.000000 2.000000 2.000000 1.089215 
 0.026250 2.000000 2.000000 2.000000 1.117761 
 0.026333 2.000000 2.000000 2.000000 1.056630 
 0.026417 2.000000 2.000000 2.000000 1.097483 
 0.026500 2.000000 2.000000 2.000000 1.102210 
 0.026583 2.000000 2.000000 2.000000 1.081697 
 0.026667 2.000000 2.000000 2.000000 1.105217 
 0.026750 2.000000 2.000000 2.000000 1.122607 
 0.026833 2.000000 2.000000 2.000000 1.084832 
 0.026917 2.000000 2.000000 2.000000 1.040358 
 0.027000 2.000000 2.000000 2.000000 1.045198 
 0.027083 2.000000 2.000000 2.000000 1.063154 
 0.027167 2.000000 2.000000 2.000000 1.022045 
 0.027250 2.000000 2.000000 2.000000 1.054686 
 0.027333 2.000000 2.000000 2.000000 1.068214 
 0.027417 2.000000 2.000000 2.000000 1.075118 
 0.027500 2.000000 2.000000 2.000000 1.077995 
 0.027583 2.000000 2.000000 2.000000 1.068578 
 0.027667 2.000000 2.000000 2.000000 1.072832 
 0.027750 2.000000 2.000000 2.000000 1.082397 
 0.027833 2.000000 2.000000 2.000000 1.085838 
 0.027917 2.000000 2.000000 2.000000 1.062922 
 0.028000 2.000000 2.000000 2.000000 1.086804 
 0.028083 2.000000 2.000000 2.000000 1.075444 
 0.028167 2.000000 2.000000 2.000000 1.048633 
 0.028250 2.000000 2.000000 2.000000 1.069872 
 0.028333 2.000000 2.000000 2.000000 1.064013 
 0.028417 2.000000 2.000000 2.000000 1.052821 
 0.028500 2.000000 2.000000 2.000000 1.067550 
 0.028583 2.000000 2.000000 2.000000 1.045390 
 0.028667 2.000000 2.000000 2.000000 1.061742 
 0.028750 2.000000 2.000000 2.000000 1.040416 
 0.028833 2.000000 2.000000 2.000000 1.066118 
 0.028917 2.000000 2.000000 2.000000 1.044374 
 0.029000 2.000000 2.000000 2.000000 1.018200 
 0.029083 2.000000 2.000000 2.000000 1.028781 
 0.029167 2.000000 2.000000 2.000000 1.013881 
 0.029250 2.000000 2.000000 2.000000 1.045900 
 0.029333 2.000000 2.000000 2.000000 1.051023 
 0.029417 2.000000 2.000000 2.000000 1.029951 
 0.029500 2.000000 2.000000 2.000000 1.024694 
 0.029583 2.000000 2.000000 2.000000 1.036573 
 0.029667 2.000000 2.000000 2.000000 1.032503 
 0.029750 2.000000 2.000000 2.000000 1.044210 
 0.029833 2.000000 2.000000 2.000000 1.028537 
 0.029917 2.000000 2.000000 2.000000 1.018379 
 0.030000 2.000000 2.000000 2.000000 1.047106 
 0.030083 2.000000 2.000000 2.000000 1.059504 
 0.030167 2.000000 2.000000 2.000000 1.034547 
 0.030250 2.000000 2.000000 2.000000 1.045860 
 0.030333 2.000000 2.000000 2.000000 1.031513 
 0.030417 2.000000 2.000000 2.000000 1.031513 
 0.030500 2.000000 2.000000 2.000000 1.007138 
 0.030583 2.000000 2.000000 2.000000 1.016732 
 0.030667 2.000000 2.000000 2.000000 1.013554 
 0.030750 2.000000 2.000000 2.000000 1.004108 
 0.030833 2.000000 2.000000 2.000000 1.011865 
 0.030917 2.000000 2.000000 2.000000 1.037571 
 0.031000 2.000000 2.000000 2.000000 1.035483 
 0.031083 2.000000 2.000000 2.000000 1.047207 
 0.031167 2.000000 2.000000 2.000000 1.033184 
 0.031250 2.000000 2.000000 2.000000 1.024225 
 0.031333 2.000000 2.000000 2.000000 1.001584 
 0.031417 2.000000 2.000000 2.000000 1.016496 
 0.031500 2.000000 2.000000 2.000000 1.034506 
 0.031583 2.000000 2.000000 2.000000 1.008703 
 0.031667 2.000000 2.000000 2.000000 1.005023 
 0.031750 2.000000 2.000000 2.000000 1.020495 
 0.031833 2.000000 2.000000 2.000000 1.023465 
 0.031917 2.000000 2.000000 2.000000 1.018944 
 0.032000 2.000000 2.000000 2.000000 1.005675 
 0.032083 2.000000 2.000000 2.000000 1.029827 
 0.032167 2.000000 2.000000 2.000000 1.028400 
 0.032250 2.000000 2.000000 2.000000 1.016277 
 0.032333 2.000000 2.000000 2.000000 0.915892 
 0.032417 2.000000 2.000000 2.000000 0.999784 
 0.032500 2.000000 2.000000 2.000000 1.019140 
 0.032583 2.000000 2.000000 2.000000 1.011631 
 0.032667 2.000000 2.000000 2.000000 1.003418 
 0.032750 2.000000 2.000000 2.000000 1.008345 
 0.032833 2.000000 2.000000 2.000000 0.983287 
 0.032917 2.000000 2.000000 2.000000 1.027121 
 0.033000 2.000000 2.000000 2.000000 1.007489 
 0.033083 2.000000 2.000000 2.000000 1.026626 
 0.033167 2.000000 2.000000 2.000000 1.026692 
 0.033250 2.000000 2.000000 2.000000 0.994401 
 0.033333 2.000000 2.000000 2.000000 0.988324 
 0.033417 2.000000 2.000000 2.000000 0.975410 
 0.033500 2.000000 2.000000 2.000000 0.933058 
 0.033583 2.000000 2.000000 2.000000 0.969950 
 0.033667 2.000000 2.000000 2.000000 0.984089 
 0.033750 2.000000 2.000000 2.000000 0.984089 
 0.033833 2.000000 2.000000 2.000000 0.990937 
 0.033917 2.000000 2.000000 2.000000 1.014836 
 0.034000 2.000000 2.000000 2.000000 1.002293 
 0.034083 2.000000 2.000000 2.000000 1.003474 
 0.034167 2.000000 2.000000 2.000000 0.987314 
 0.034250 2.000000 2.000000 2.000000 0.994238 
 0.034333 2.000000 2.000000 2.000000 0.995171 
 0.034417 2.000000 2.000000 2.000000 0.967682 
 0.034500 2.000000 2.000000 2.000000 0.970412 
 0.034583 2.000000 2.000000 2.000000 0.982624 
 0.034667 2.000000 2.000000 2.000000 0.971597 
 0.034750 2.000000 2.000000 2.000000 0.971597 
 0.034833 2.000000 2.000000 2.000000 0.974065 
 0.034917 2.000000 2.000000 2.000000 0.965313 
 0.035000 2.000000 2.000000 2.000000 0.980074 
 0.035083 2.000000 2.000000 2.000000 0.971795 
 0.035167 2.000000 2.000000 2.000000 0.970474 
 0.035250 2.000000 2.000000 2.000000 0.914961 
 0.035333 2.000000 2.000000 2.000000 0.969838 
 0.035417 2.000000 2.000000 2.000000 0.950603 
 0.035500 2.000000 2.000000 2.000000 0.958207 
 0.035583 2.000000 2.000000 2.000000 0.976926 
 0.035667 2.000000 2.000000 2.000000 1.005766 
 0.035750 2.000000 2.000000 2.000000 1.002664 
 0.035833 2.000000 2.000000 2.000000 0.992647 
 0.035917 2.000000 2.000000 2.000000 0.989838 
 0.036000 2.000000 2.000000 2.000000 0.991203 
 0.036083 2.000000 2.000000 2.000000 0.997713 
 0.036167 2.000000 2.000000 2.000000 0.991268 
 0.036250 2.000000 2.000000 2.000000 0.998259 
 0.036333 2.000000 2.000000 2.000000 0.967233 
 0.036417 2.000000 2.000000 2.000000 0.953664 
 0.036500 2.000000 2.000000 2.000000 0.936413 
 0.036583 2.000000 2.000000 2.000000 0.944290 
 0.036667 2.000000 2.000000 2.000000 0.926675 
 0.036750 2.000000 2.000000 2.000000 0.928219 
 0.036833 2.000000 2.000000 2.000000 0.920338 
 0.036917 2.000000 2.000000 2.000000 0.941525 
 0.037000 2.000000 2.000000 2.000000 0.933362 
 0.037083 2.000000 2.000000 2.000000 0.967618 
 0.037167 2.000000 2.000000 2.000000 0.960630 
 0.037250 2.000000 2.000000 2.000000 0.949646 
 0.037333 2.000000 2.000000 2.000000 0.953228 
 0.037417 2.000000 2.000000 2.000000 0.974102 
 0.037500 2.000000 2.000000 2.000000 0.934577 
 0.037583 2.000000 2.000000 2.000000 0.955875 
 0.037667 2.000000 2.000000 2.000000 0.949800 
 0.037750 2.000000 2.000000 2.000000 0.939674 
 0.037833 2.000000 2.000000 2.000000 0.933615 
 0.037917 2.000000 2.000000 2.000000 0.964917 
 0.038000 2.000000 2.000000 2.000000 0.949862 
 0.038083 2.000000 2.000000 2.000000 0.940248 
 0.038167 2.000000 2.000000 2.000000 0.946423 
 0.038250 2.000000 2.000000 2.000000 0.936282 
 0.038333 2.000000 2.000000 2.000000 0.951861 
 0.038417 2.000000 2.000000 2.000000 0.943103 
 0.038500 2.000000 2.000000 2.000000 0.955128 
 0.038583 2.000000 2.000000 2.000000 0.946826 
 0.038667 2.000000 2.000000 2.000000 0.944473 
 0.038750 2.000000 2.000000 2.000000 0.946236 
 0.038833 2.000000 2.000000 2.000000 0.950957 
 0.038917 2.000000 2.000000 2.000000 0.936149 
 0.039000 2.000000 2.000000 2.000000 0.927283 
 0.039083 2.000000 2.000000 2.000000 0.941307 
 0.039167 2.000000 2.000000 2.000000 0.935375 
 0.039250 2.000000 2.000000 2.000000 0.928930 
 0.039333 2.000000 2.000000 2.000000 0.934983 
 0.039417 2.000000 2.000000 2.000000 0.937882 
 0.039500 2.000000 2.000000 2.000000 0.940934 
 0.039583 2.000000 2.000000 2.000000 0.944114 
 0.039667 2.000000 2.000000 2.000000 0.946726 
 0.039750 2.000000 2.000000 2.000000 0.933182 
 0.039833 2.000000 2.000000 2.000000 0.930572 
 0.039917 2.000000 2.000000 2.000000 0.930572 
 0.040000 2.000000 2.000000 2.000000 0.920337 
 0.040083 2.000000 2.000000 2.000000 0.916312 
 0.040167 2.000000 2.000000 2.000000 0.911711 
 0.040250 2.000000 2.000000 2.000000 0.935983 
 0.040333 2.000000 2.000000 2.000000 0.903345 
 0.040417 2.000000 2.000000 2.000000 0.926245 
 0.040500 2.000000 2.000000 2.000000 0.907223 
 0.040583 2.000000 2.000000 2.000000 0.941997 
 0.040667 2.000000 2.000000 2.000000 0.941018 
 0.040750 2.000000 2.000000 2.000000 0.935926 
 0.040833 2.000000 2.000000 2.000000 0.934944 
 0.040917 2.000000 2.000000 2.000000 0.929599 
 0.041000 2.000000 2.000000 2.000000 0.933049 
 0.041083 2.000000 2.000000 2.000000 0.925331 
 0.041167 2.000000 2.000000 2.000000 0.906847 
 0.041250 2.000000 2.000000 2.000000 0.906290 
 0.041333 2.000000 2.000000 2.000000 0.905970 
 0.041417 2.000000 2.000000 2.000000 0.924484 
 0.041500 2.000000 2.000000 2.000000 0.924574 
 0.041583 2.000000 2.000000 2.000000 0.933189 
 0.041667 2.000000 2.000000 2.000000 0.920236 
 0.041750 2.000000 2.000000 2.000000 0.907920 
 0.041833 2.000000 2.000000 2.000000 0.914788 
 0.041917 2.000000 2.000000 2.000000 0.914788 
 0.042000 2.000000 2.000000 2.000000 0.901904 
 0.042083 2.000000 2.000000 2.000000 0.910972 
 0.042167 2.000000 2.000000 2.000000 0.916598 
 0.042250 2.000000 2.000000 2.000000 0.921478 
 0.042333 2.000000 2.000000 2.000000 0.920519 
 0.042417 2.000000 2.000000 2.000000 0.920519 
 0.042500 2.000000 2.000000 2.000000 0.920767 
 0.042583 2.000000 2.000000 2.000000 0.912165 
 0.042667 2.000000 2.000000 2.000000 0.914451 
 0.042750 2.000000 2.000000 2.000000 0.914418 
 0.042833 2.000000 2.000000 2.000000 0.912911 
 0.042917 2.000000 2.000000 2.000000 0.921206 
 0.043000 2.000000 2.000000 2.000000 0.904017 
 0.043083 2.000000 2.000000 2.000000 0.918971 
 0.043167 2.000000 2.000000 2.000000 0.903504 
 0.043250 2.000000 2.000000 2.000000 0.904497 
 0.043333 2.000000 2.000000 2.000000 0.902403 
 0.043417 2.000000 2.000000 2.000000 0.902403 
 0.043500 2.000000 2.000000 2.000000 0.905436 
 0.043583 2.000000 2.000000 2.000000 0.911954 
 0.043667 2.000000 2.000000 2.000000 0.926559 
 0.043750 2.000000 2.000000 2.000000 0.912486 
 0.043833 2.000000 2.000000 2.000000 0.938591 
 0.043917 2.000000 2.000000 2.000000 0.904521 
 0.044000 2.000000 2.000000 2.000000 0.914269 
 0.044083 2.000000 2.000000 2.000000 0.901061 
 0.044167 2.000000 2.000000 2.000000 0.886634 
 0.044250 2.000000 2.000000 2.000000 0.905018 
 0.044333 2.000000 2.000000 2.000000 0.909396 
 0.044417 2.000000 2.000000 2.000000 0.909396 
 0.044500 2.000000 2.000000 2.000000 0.912115 
 0.044583 2.000000 2.000000 2.000000 0.912115 
 0.044667 2.000000 2.000000 2.000000 0.916235 
 0.044750 2.000000 2.000000 2.000000 0.924605 
 0.044833 2.000000 2.000000 2.000000 0.908076 
 0.044917 2.000000 2.000000 2.000000 0.907480 
 0.045000 2.000000 2.000000 2.000000 0.891058 
 0.045083 2.000000 2.000000 2.000000 0.891147 
 0.045167 2.000000 2.000000 2.000000 0.885396 
 0.045250 2.000000 2.000000 2.000000 0.885048 
 0.045333 2.000000 2.000000 2.000000 0.877920 
 0.045417 2.000000 2.000000 2.000000 0.890341 
 0.045500 2.000000 2.000000 2.000000 0.861969 
 0.045583 2.000000 2.000000 2.000000 0.861969 
 0.045667 2.000000 2.000000 2.000000 0.881614 
 0.045750 2.000000 2.000000 2.000000 0.881614 
 0.045833 2.000000 2.000000 2.000000 0.898514 
 0.045917 2.000000 2.000000 2.000000 0.900162 
 0.046000 2.000000 2.000000 2.000000 0.907635 
 0.046083 2.000000 2.000000 2.000000 0.898030 
 0.046167 2.000000 2.000000 2.000000 0.893640 
 0.046250 2.000000 2.000000 2.000000 0.895888 
 0.046333 2.000000 2.000000 2.000000 0.880712 
 0.046417 2.000000 2.000000 2.000000 0.894988 
 0.046500 2.000000 2.000000 2.000000 0.905408 
 0.046583 2.000000 2.000000 2.000000 0.893560 
 0.046667 2.000000 2.000000 2.000000 0.905862 
 0.046750 2.000000 2.000000 2.000000 0.893935 
 0.046833 2.000000 2.000000 2.000000 0.878849 
 0.046917 2.000000 2.000000 2.000000 0.909801 
 0.047000 2.000000 2.000000 2.000000 0.892193 
 0.047083 2.000000 2.000000 2.000000 0.923834 
 0.047167 2.000000 2.000000 2.000000 0.889445 
 0.047250 2.000000 2.000000 2.000000 0.893499 
 0.047333 2.000000 2.000000 2.000000 0.895908 
 0.047417 2.000000 2.000000 2.000000 0.883717 
 0.047500 2.000000 2.000000 2.000000 0.869353 
 0.047583 2.000000 2.000000 2.000000 0.871012 
 0.047667 2.000000 2.000000 2.000000 0.889241 
 0.047750 2.000000 2.000000 2.000000 0.879378 
 0.047833 2.000000 2.000000 2.000000 0.887595 
 0.047917 2.000000 2.000000 2.000000 0.892822 
 0.048000 2.000000 2.000000 2.000000 0.897628 
 0.048083 2.000000 2.000000 2.000000 0.879806 
 0.048167 2.000000 2.000000 2.000000 0.895808 
 0.048250 2.000000 2.000000 2.000000 0.889266 
 0.048333 2.000000 2.000000 2.000000 0.870321 
 0.048417 2.000000 2.000000 2.000000 0.882455 
 0.048500 2.000000 2.000000 2.000000 0.888600 
 0.048583 2.000000 2.000000 2.000000 0.888600 
 0.048667 2.000000 2.000000 2.000000 0.908224 
 0.048750 2.000000 2.000000 2.000000 0.895880 
 0.048833 2.000000 2.000000 2.000000 0.857683 
 0.048917 2.000000 2.000000 2.000000 0.890653 
 0.049000 2.000000 2.000000 2.000000 0.871734 
 0.049083 2.000000 2.000000 2.000000 0.878883 
 0.049167 2.000000 2.000000 2.000000 0.893930 
 0.049250 2.000000 2.000000 2.000000 0.866828 
 0.049333 2.000000 2.000000 2.000000 0.875522 
 0.049417 2.000000 2.000000 2.000000 0.875522 
 0.049500 2.000000 2.000000 2.000000 0.886956 
 0.049583 2.000000 2.000000 2.000000 0.862634 
 0.049667 2.000000 2.000000 2.000000 0.872609 
 0.049750 2.000000 2.000000 2.000000 0.876835 
 0.049833 2.000000 2.000000 2.000000 0.875658 
 0.049917 2.000000 2.000000 2.000000 0.880399 
 0.050000 2.000000 2.000000 2.000000 0.918118 
 0.050083 2.000000 2.000000 2.000000 0.902885 
 0.050167 2.000000 2.000000 2.000000 0.903519 
 0.050250 2.000000 2.000000 2.000000 0.862063 
 0.050333 2.000000 2.000000 2.000000 0.864166 
 0.050417 2.000000 2.000000 2.000000 0.882359 
 0.050500 2.000000 2.000000 2.000000 0.852854 
 0.050583 2.000000 2.000000 2.000000 0.850487 
 0.050667 2.000000 2.000000 2.000000 0.883812 
 0.050750 2.000000 2.000000 2.000000 0.860705 
 0.050833 2.000000 2.000000 2.000000 0.833028 
 0.050917 2.000000 2.000000 2.000000 0.821598 
 0.051000 2.000000 2.000000 2.000000 0.823473 
 0.051083 2.000000 2.000000 2.000000 0.833431 
 0.051167 2.000000 2.000000 2.000000 0.848149 
 0.051250 2.000000 2.000000 2.000000 0.858252 
 0.051333 2.000000 2.000000 2.000000 0.861061 
 0.051417 2.000000 2.000000 2.000000 0.849305 
 0.051500 2.000000 2.000000 2.000000 0.852721 
 0.051583 2.000000 2.000000 2.000000 0.852297 
 0.051667 2.000000 2.000000 2.000000 0.845104 
 0.051750 2.000000 2.000000 2.000000 0.845104 
 0.051833 2.000000 2.000000 2.000000 0.870910 
 0.051917 2.000000 2.000000 2.000000 0.881695 
 0.052000 2.000000 2.000000 2.000000 0.841866 
 0.052083 2.000000 2.000000 2.000000 0.874770 
 0.052167 2.000000 2.000000 2.000000 0.838303 
 0.052250 2.000000 2.000000 2.000000 0.850237 
 0.052333 2.000000 2.000000 2.000000 0.854309 
 0.052417 2.000000 2.000000 2.000000 0.865557 
 0.052500 2.000000 2.000000 2.000000 0.851493 
 0.052583 2.000000 2.000000 2.000000 0.841688 
 0.052667 2.000000 2.000000 2.000000 0.835998 
 0.052750 2.000000 2.000000 2.000000 0.847497 
 0.052833 2.000000 2.000000 2.000000 0.831806 
 0.052917 2.000000 2.000000 2.000000 0.868847 
 0.053000 2.000000 2.000000 2.000000 0.844013 
 0.053083 2.000000 2.000000 2.000000 0.825703 
 0.053167 2.000000 2.000000 2.000000 0.831262 
 0.053250 2.000000 2.000000 2.000000 0.834136 
 0.053333 2.000000 2.000000 2.000000 0.839602 
 0.053417 2.000000 2.000000 2.000000 0.842795 
 0.053500 2.000000 2.000000 2.000000 0.858768 
 0.053583 2.000000 2.000000 2.000000 0.853926 
 0.053667 2.000000 2.000000 2.000000 0.851680 
 0.053750 2.000000 2.000000 2.000000 0.867593 
 0.053833 2.000000 2.000000 2.000000 0.841286 
 0.053917 2.000000 2.000000 2.000000 0.853395 
 0.054000 2.000000 2.000000 2.000000 0.850455 
 0.054083 2.000000 2.000000 2.000000 0.842783 
 0.054167 2.000000 2.000000 2.000000 0.828978 
 0.054250 2.000000 2.000000 2.000000 0.853392 
 0.054333 2.000000 2.000000 2.000000 0.850438 
 0.054417 2.000000 2.000000 2.000000 0.855553 
 0.054500 2.000000 2.000000 2.000000 0.866817 
 0.054583 2.000000 2.000000 2.000000 0.846146 
 0.054667 2.000000 2.000000 2.000000 0.850355 
 0.054750 2.000000 2.000000 2.000000 0.843764 
 0.054833 2.000000 2.000000 2.000000 0.836474 
 0.054917 2.000000 2.000000 2.000000 0.830189 
 0.055000 2.000000 2.000000 2.000000 0.823545 
 0.055083 2.000000 2.000000 2.000000 0.860059 
 0.055167 2.000000 2.000000 2.000000 0.840273 
 0.055250 2.000000 2.000000 2.000000 0.846950 
 0.055333 2.000000 2.000000 2.000000 0.818674 
 0.055417 2.000000 2.000000 2.000000 0.843202 
 0.055500 2.000000 2.000000 2.000000 0.856118 
 0.055583 2.000000 2.000000 2.000000 0.845956 
 0.055667 2.000000 2.000000 2.000000 0.829090 
 0.055750 2.000000 2.000000 2.000000 0.853477 
 0.055833 2.000000 2.000000 2.000000 0.802057 
 0.055917 2.000000 2.000000 2.000000 0.838507 
 0.056000 2.000000 2.000000 2.000000 0.831315 
 0.056083 2.000000 2.000000 2.000000 0.843404 
 0.056167 2.000000 2.000000 2.000000 0.854560 
 0.056250 2.000000 2.000000 2.000000 0.827532 
 0.056333 2.000000 2.000000 2.000000 0.786215 
 0.056417 2.000000 2.000000 2.000000 0.774273 
 0.056500 2.000000 2.000000 2.000000 0.812108 
 0.056583 2.000000 2.000000 2.000000 0.827107 
 0.056667 2.000000 2.000000 2.000000 0.836628 
 0.056750 2.000000 2.000000 2.000000 0.824867 
 0.056833 2.000000 2.000000 2.000000 0.808657 
 0.056917 2.000000 2.000000 2.000000 0.801415 
 0.057000 2.000000 2.000000 2.000000 0.806303 
 0.057083 2.000000 2.000000 2.000000 0.804222 
 0.057167 2.000000 2.000000 2.000000 0.808956 
 0.057250 2.000000 2.000000 2.000000 0.808956 
 0.057333 2.000000 2.000000 2.000000 0.820583 
 0.057417 2.000000 2.000000 2.000000 0.817761 
 0.057500 2.000000 2.000000 2.000000 0.808999 
 0.057583 2.000000 2.000000 2.000000 0.807943 
 0.057667 2.000000 2.000000 2.000000 0.810952 
 0.057750 2.000000 2.000000 2.000000 0.798527 
 0.057833 2.000000 2.000000 2.000000 0.780088 
 0.057917 2.000000 2.000000 2.000000 0.790922 
 0.058000 2.000000 2.000000 2.000000 0.793935 
 0.058083 2.000000 2.000000 2.000000 0.783286 
 0.058167 2.000000 2.000000 2.000000 0.787980 
 0.058250 2.000000 2.000000 2.000000 0.798775 
 0.058333 2.000000 2.000000 2.000000 0.781542 
 0.058417 2.000000 2.000000 2.000000 0.782968 
 0.058500 2.000000 2.000000 2.000000 0.795839 
 0.058583 2.000000 2.000000 2.000000 0.797857 
 0.058667 2.000000 2.000000 2.000000 0.794500 
 0.058750 2.000000 2.000000 2.000000 0.805770 
 0.058833 2.000000 2.000000 2.000000 0.788773 
 0.058917 2.000000 2.000000 2.000000 0.790514 
 0.059000 2.000000 2.000000 2.000000 0.785565 
 0.059083 2.000000 2.000000 2.000000 0.768752 
 0.059167 2.000000 2.000000 2.000000 0.777099 
 0.059250 2.000000 2.000000 2.000000 0.795599 
 0.059333 2.000000 2.000000 2.000000 0.790819 
 0.059417 2.000000 2.000000 2.000000 0.796368 
 0.059500 2.000000 2.000000 2.000000 0.781661 
 0.059583 2.000000 2.000000 2.000000 0.784742 
 0.059667 2.000000 2.000000 2.000000 0.789125 
 0.059750 2.000000 2.000000 2.000000 0.784093 
 0.059833 2.000000 2.000000 2.000000 0.790426 
 0.059917 2.000000 2.000000 2.000000 0.789750 
 0.060000 2.000000 2.000000 2.000000 0.782696 
 0.060083 2.000000 2.000000 2.000000 0.786822 
 0.060167 2.000000 2.000000 2.000000 0.773584 
 0.060250 2.000000 2.000000 2.000000 0.778048 
 0.060333 2.000000 2.000000 2.000000 0.765152 
 0.060417 2.000000 2.000000 2.000000 0.777373 
 0.060500 2.000000 2.000000 2.000000 0.783132 
 0.060583 2.000000 2.000000 2.000000 0.773975 
 0.060667 2.000000 2.000000 2.000000 0.761953 
 0.060750 2.000000 2.000000 2.000000 0.775581 
 0.060833 2.000000 2.000000 2.000000 0.768194 
 0.060917 2.000000 2.000000 2.000000 0.773922 
 0.061000 2.000000 2.000000 2.000000 0.760290 
 0.061083 2.000000 2.000000 2.000000 0.766535 
 0.061167 2.000000 2.000000 2.000000 0.766746 
 0.061250 2.000000 2.000000 2.000000 0.760793 
 0.061333 2.000000 2.000000 2.000000 0.767962 
 0.061417 2.000000 2.000000 2.000000 0.768968 
 0.061500 2.000000 2.000000 2.000000 0.767984 
 0.061583 2.000000 2.000000 2.000000 0.766321 
 0.061667 2.000000 2.000000 2.000000 0.751938 
 0.061750 2.000000 2.000000 2.000000 0.754369 
 0.061833 2.000000 2.000000 2.000000 0.753047 
 0.061917 2.000000 2.000000 2.000000 0.758910 
 0.062000 2.000000 2.000000 2.000000 0.754521 
 0.062083 2.000000 2.000000 2.000000 0.755261 
 0.062167 2.000000 2.000000 2.000000 0.743207 
 0.062250 2.000000 2.000000 2.000000 0.755644 
 0.062333 2.000000 2.000000 2.000000 0.753660 
 0.062417 2.000000 2.000000 2.000000 0.754820 
 0.062500 2.000000 2.000000 2.000000 0.735830 
 0.062583 2.000000 2.000000 2.000000 0.738010 
 0.062667 2.000000 2.000000 2.000000 0.753418 
 0.062750 2.000000 2.000000 2.000000 0.741562 
 0.062833 2.000000 2.000000 2.000000 0.743888 
 0.062917 2.000000 2.000000 2.000000 0.741307 
 0.063000 2.000000 2.000000 2.000000 0.757722 
 0.063083 2.000000 2.000000 2.000000 0.755543 
 0.063167 2.000000 2.000000 2.000000 0.731373 
 0.063250 2.000000 2.000000 2.000000 0.741014 
 0.063333 2.000000 2.000000 2.000000 0.718891 
 0.063417 2.000000 2.000000 2.000000 0.725809 
 0.063500 2.000000 2.000000 2.000000 0.724097 
 0.063583 2.000000 2.000000 2.000000 0.733043 
 0.063667 2.000000 2.000000 2.000000 0.715232 
 0.063750 2.000000 2.000000 2.000000 0.713678 
 0.063833 2.000000 2.000000 2.000000 0.729091 
 0.063917 2.000000 2.000000 2.000000 0.729091 
 0.064000 2.000000 2.000000 2.000000 0.680948 
 0.064083 2.000000 2.000000 2.000000 0.712743 
 0.064167 2.000000 2.000000 2.000000 0.707164 
 0.064250 2.000000 2.000000 2.000000 0.718037 
 0.064333 2.000000 2.000000 2.000000 0.723845 
 0.064417 2.000000 2.000000 2.000000 0.713535 
 0.064500 2.000000 2.000000 2.000000 0.720462 
 0.064583 2.000000 2.000000 2.000000 0.708147 
 0.064667 2.000000 2.000000 2.000000 0.717254 
 0.064750 2.000000 2.000000 2.000000 0.707324 
 0.064833 2.000000 2.000000 2.000000 0.722463 
 0.064917 2.000000 2.000000 2.000000 0.733953 
 0.065000 2.000000 2.000000 2.000000 0.708556 
 0.065083 2.000000 2.000000 2.000000 0.726719 
 0.065167 2.000000 2.000000 2.000000 0.697767 
 0.065250 2.000000 2.000000 2.000000 0.731489 
 0.065333 2.000000 2.000000 2.000000 0.715501 
 0.065417 2.000000 2.000000 2.000000 0.706539 
 0.065500 2.000000 2.000000 2.000000 0.686192 
 0.065583 2.000000 2.000000 2.000000 0.711195 
 0.065667 2.000000 2.000000 2.000000 0.686359 
 0.065750 2.000000 2.000000 2.000000 0.689964 
 0.065833 2.000000 2.000000 2.000000 0.717660 
 0.065917 2.000000 2.000000 2.000000 0.717660 
 0.066000 2.000000 2.000000 2.000000 0.721898 
 0.066083 2.000000 2.000000 2.000000 0.714007 
 0.066167 2.000000 2.000000 2.000000 0.689547 
 0.066250 2.000000 2.000000 2.000000 0.701794 
 0.066333 2.000000 2.000000 2.000000 0.702517 
 0.066417 2.000000 2.000000 2.000000 0.690228 
 0.066500 2.000000 2.000000 2.000000 0.696121 
 0.066583 2.000000 2.000000 2.000000 0.696121 
 0.066667 2.000000 2.000000 2.000000 0.702255 
 0.066750 2.000000 2.000000 2.000000 0.713693 
 0.066833 2.000000 2.000000 2.000000 0.685353 
 0.066917 2.000000 2.000000 2.000000 0.722076 
 0.067000 2.000000 2.000000 2.000000 0.718103 
 0.067083 2.000000 2.000000 2.000000 0.705750 
 0.067167 2.000000 2.000000 2.000000 0.702399 
 0.067250 2.000000 2.000000 2.000000 0.702399 
 0.067333 2.000000 2.000000 2.000000 0.685580 
 0.067417 2.000000 2.000000 2.000000 0.685580 
 0.067500 2.000000 2.000000 2.000000 0.676512 
 0.067583 2.000000 2.000000 2.000000 0.717873 
 0.067667 2.000000 2.000000 2.000000 0.686639 
 0.067750 2.000000 2.000000 2.000000 0.706442 
 0.067833 2.000000 2.000000 2.000000 0.696837 
 0.067917 2.000000 2.000000 2.000000 0.692552 
 0.068000 2.000000 2.000000 2.000000 0.691735 
 0.068083 2.000000 2.000000 2.000000 0.696003 
 0.068167 2.000000 2.000000 2.000000 0.682387 
 0.068250 2.000000 2.000000 2.000000 0.695917 
 0.068333 2.000000 2.000000 2.000000 0.677033 
 0.068417 2.000000 2.000000 2.000000 0.665117 
 0.068500 2.000000 2.000000 2.000000 0.676057 
 0.068583 2.000000 2.000000 2.000000 0.673239 
 0.068667 2.000000 2.000000 2.000000 0.667028 
 0.068750 2.000000 2.000000 2.000000 0.685528 
 0.068833 2.000000 2.000000 2.000000 0.680053 
 0.068917 2.000000 2.000000 2.000000 0.668479 
 0.069000 2.000000 2.000000 2.000000 0.651559 
 0.069083 2.000000 2.000000 2.000000 0.662990 
 0.069167 2.000000 2.000000 2.000000 0.659237 
 0.069250 2.000000 2.000000 2.000000 0.636662 
 0.069333 2.000000 2.000000 2.000000 0.631604 
 0.069417 2.000000 2.000000 2.000000 0.630633 
 0.069500 2.000000 2.000000 2.000000 0.646411 
 0.069583 2.000000 2.000000 2.000000 0.688523 
 0.069667 2.000000 2.000000 2.000000 0.673980 
 0.069750 2.000000 2.000000 2.000000 0.695167 
 0.069833 2.000000 2.000000 2.000000 0.681542 
 0.069917 2.000000 2.000000 2.000000 0.671206 
 0.070000 2.000000 2.000000 2.000000 0.668759 
 0.070083 2.000000 2.000000 2.000000 0.647445 
 0.070167 2.000000 2.000000 2.000000 0.645149 
 0.070250 2.000000 2.000000 2.000000 0.636123 
 0.070333 2.000000 2.000000 2.000000 0.656469 
 0.070417 2.000000 2.000000 2.000000 0.646562 
 0.070500 2.000000 2.000000 2.000000 0.647335 
 0.070583 2.000000 2.000000 2.000000 0.670221 
 0.070667 2.000000 2.000000 2.000000 0.646653 
 0.070750 2.000000 2.000000 2.000000 0.648842 
 0.070833 2.000000 2.000000 2.000000 0.625440 
 0.070917 2.000000 2.000000 2.000000 0.628007 
 0.071000 2.000000 2.000000 2.000000 0.619612 
 0.071083 2.000000 2.000000 2.000000 0.655057 
 0.071167 2.000000 2.000000 2.000000 0.667838 
 0.071250 2.000000 2.000000 2.000000 0.671150 
 0.071333 2.000000 2.000000 2.000000 0.701207 
 0.071417 2.000000 2.000000 2.000000 0.679986 
 0.071500 2.000000 2.000000 2.000000 0.690204 
 0.071583 2.000000 2.000000 2.000000 0.670109 
 0.071667 2.000000 2.000000 2.000000 0.660457 
 0.071750 2.000000 2.000000 2.000000 0.684769 
 0.071833 2.000000 2.000000 2.000000 0.667635 
 0.071917 2.000000 2.000000 2.000000 0.669782 
 0.072000 2.000000 2.000000 2.000000 0.634870 
 0.072083 2.000000 2.000000 2.000000 0.666480 
 0.072167 2.000000 2.000000 2.000000 0.677066 
 0.072250 2.000000 2.000000 2.000000 0.670343 
 0.072333 2.000000 2.000000 2.000000 0.655908 
 0.072417 2.000000 2.000000 2.000000 0.674628 
 0.072500 2.000000 2.000000 2.000000 0.654339 
 0.072583 2.000000 2.000000 2.000000 0.679035 
 0.072667 2.000000 2.000000 2.000000 0.665758 
 0.072750 2.000000 2.000000 2.000000 0.654231 
 0.072833 2.000000 2.000000 2.000000 0.647802 
 0.072917 2.000000 2.000000 2.000000 0.601676 
 0.073000 2.000000 2.000000 2.000000 0.631386 
 0.073083 2.000000 2.000000 2.000000 0.678194 
 0.073167 2.000000 2.000000 2.000000 0.676391 
 0.073250 2.000000 2.000000 2.000000 0.696084 
 0.073333 2.000000 2.000000 2.000000 0.673330 
 0.073417 2.000000 2.000000 2.000000 0.681113 
 0.073500 2.000000 2.000000 2.000000 0.663065 
 0.073583 2.000000 2.000000 2.000000 0.659468 
 0.073667 2.000000 2.000000 2.000000 0.655350 
 0.073750 2.000000 2.000000 2.000000 0.674477 
 0.073833 2.000000 2.000000 2.000000 0.639382 
 0.073917 2.000000 2.000000 2.000000 0.612452 
 0.074000 2.000000 2.000000 2.000000 0.623723 
 0.074083 2.000000 2.000000 2.000000 0.626510 
 0.074167 2.000000 2.000000 2.000000 0.610808 
 0.074250 2.000000 2.000000 2.000000 0.645723 
 0.074333 2.000000 2.000000 2.000000 0.616507 
 0.074417 2.000000 2.000000 2.000000 0.626019 
 0.074500 2.000000 2.000000 2.000000 0.635793 
 0.074583 2.000000 2.000000 2.000000 0.624443 
 0.074667 2.000000 2.000000 2.000000 0.641026 
 0.074750 2.000000 2.000000 2.000000 0.629838 
 0.074833 2.000000 2.000000 2.000000 0.626490 
 0.074917 2.000000 2.000000 2.000000 0.624895 
 0.075000 2.000000 2.000000 2.000000 0.634088 
 0.075083 2.000000 2.000000 2.000000 0.655790 
 0.075167 2.000000 2.000000 2.000000 0.665211 
 0.075250 2.000000 2.000000 2.000000 0.643845 
 0.075333 2.000000 2.000000 2.000000 0.622928 
 0.075417 2.000000 2.000000 2.000000 0.654300 
 0.075500 2.000000 2.000000 2.000000 0.654592 
 0.075583 2.000000 2.000000 2.000000 0.654592 
 0.075667 2.000000 2.000000 2.000000 0.644805 
 0.075750 2.000000 2.000000 2.000000 0.654812 
 0.075833 2.000000 2.000000 2.000000 0.673210 
 0.075917 2.000000 2.000000 2.000000 0.664996 
 0.076000 2.000000 2.000000 2.000000 0.640533 
 0.076083 2.000000 2.000000 2.000000 0.621471 
 0.076167 2.000000 2.000000 2.000000 0.623849 
 0.076250 2.000000 2.000000 2.000000 0.626231 
 0.076333 2.000000 2.000000 2.000000 0.622924 
 0.076417 2.000000 2.000000 2.000000 0.611148 
 0.076500 2.000000 2.000000 2.000000 0.599639 
 0.076583 2.000000 2.000000 2.000000 0.605948 
 0.076667 2.000000 2.000000 2.000000 0.635241 
 0.076750 2.000000 2.000000 2.000000 0.642346 
 0.076833 2.000000 2.000000 2.000000 0.650239 
 0.076917 2.000000 2.000000 2.000000 0.650239 
 0.077000 2.000000 2.000000 2.000000 0.646854 
 0.077083 2.000000 2.000000 2.000000 0.662529 
 0.077167 2.000000 2.000000 2.000000 0.661952 
 0.077250 2.000000 2.000000 2.000000 0.651678 
 0.077333 2.000000 2.000000 2.000000 0.647214 
 0.077417 2.000000 2.000000 2.000000 0.647214 
 0.077500 2.000000 2.000000 2.000000 0.646222 
 0.077583 2.000000 2.000000 2.000000 0.639345 
 0.077667 2.000000 2.000000 2.000000 0.645990 
 0.077750 2.000000 2.000000 2.000000 0.644481 
 0.077833 2.000000 2.000000 2.000000 0.640249 
 0.077917 2.000000 2.000000 2.000000 0.640249 
 0.078000 2.000000 2.000000 2.000000 0.653380 
 0.078083 2.000000 2.000000 2.000000 0.647494 
 0.078167 2.000000 2.000000 2.000000 0.649430 
 0.078250 2.000000 2.000000 2.000000 0.649430 
 0.078333 2.000000 2.000000 2.000000 0.642856 
 0.078417 2.000000 2.000000 2.000000 0.652047 
 0.078500 2.000000 2.000000 2.000000 0.660053 
 0.078583 2.000000 2.000000 2.000000 0.670254 
 0.078667 2.000000 2.000000 2.000000 0.662533 
 0.078750 2.000000 2.000000 2.000000 0.650349 
 0.078833 2.000000 2.000000 2.000000 0.655765 
 0.078917 2.000000 2.000000 2.000000 0.663854 
 0.079000 2.000000 2.000000 2.000000 0.660692 
 0.079083 2.000000 2.000000 2.000000 0.648658 
 0.079167 2.000000 2.000000 2.000000 0.654375 
 0.079250 2.000000 2.000000 2.000000 0.645700 
 0.079333 2.000000 2.000000 2.000000 0.642836 
 0.079417 2.000000 2.000000 2.000000 0.651799 
 0.079500 2.000000 2.000000 2.000000 0.642530 
 0.079583 2.000000 2.000000 2.000000 0.637586 
 0.079667 2.000000 2.000000 2.000000 0.656386 
 0.079750 2.000000 2.000000 2.000000 0.656386 
 0.079833 2.000000 2.000000 2.000000 0.650936 
 0.079917 2.000000 2.000000 2.000000 0.652644 
 0.080000 2.000000 2.000000 2.000000 0.649808 
 0.080083 2.000000 2.000000 2.000000 0.665966 
 0.080167 2.000000 2.000000 2.000000 0.652300 
 0.080250 2.000000 2.000000 2.000000 0.654543 
 0.080333 2.000000 2.000000 2.000000 0.646329 
 0.080417 2.000000 2.000000 2.000000 0.646329 
 0.080500 2.000000 2.000000 2.000000 0.636050 
 0.080583 2.000000 2.000000 2.000000 0.657040 
 0.080667 2.000000 2.000000 2.000000 0.648191 
 0.080750 2.000000 2.000000 2.000000 0.637331 
 0.080833 2.000000 2.000000 2.000000 0.628625 
 0.080917 2.000000 2.000000 2.000000 0.627896 
 0.081000 2.000000 2.000000 2.000000 0.630559 
 0.081083 2.000000 2.000000 2.000000 0.640657 
 0.081167 2.000000 2.000000 2.000000 0.666698 
 0.081250 2.000000 2.000000 2.000000 0.643961 
 0.081333 2.000000 2.000000 2.000000 0.650218 
 0.081417 2.000000 2.000000 2.000000 0.640602 
 0.081500 2.000000 2.000000 2.000000 0.697479 
 0.081583 2.000000 2.000000 2.000000 0.632347 
 0.081667 2.000000 2.000000 2.000000 0.659491 
 0.081750 2.000000 2.000000 2.000000 0.650391 
 0.081833 2.000000 2.000000 2.000000 0.657542 
 0.081917 2.000000 2.000000 2.000000 0.675591 
 0.082000 2.000000 2.000000 2.000000 0.619189 
 0.082083 2.000000 2.000000 2.000000 0.669067 
 0.082167 2.000000 2.000000 2.000000 0.646450 
 0.082250 2.000000 2.000000 2.000000 0.650302 
 0.082333 2.000000 2.000000 2.000000 0.627014 
 0.082417 2.000000 2.000000 2.000000 0.647635 
 0.082500 2.000000 2.000000 2.000000 0.653374 
 0.082583 2.000000 2.000000 2.000000 0.645759 
 0.082667 2.000000 2.000000 2.000000 0.627042 
 0.082750 2.000000 2.000000 2.000000 0.614763 
 0.082833 2.000000 2.000000 2.000000 0.656163 
 0.082917 2.000000 2.000000 2.000000 0.643842 
 0.083000 2.000000 2.000000 2.000000 0.656136 
 0.083083 2.000000 2.000000 2.000000 0.656136 
 0.083167 2.000000 2.000000 2.000000 0.669448 
 0.083250 2.000000 2.000000 2.000000 0.693885 
 0.083333 2.000000 2.000000 2.000000 0.683358 
 0.083417 0.000000 0.000000 0.000000 0.665051 
 0.083500 0.000000 0.000000 0.000000 0.697778 
 0.083583 0.000000 0.000000 0.000000 0.630467 
 0.083667 0.000000 0.000000 0.000000 0.466522 
 0.083750 0.000000 0.000000 0.000000 0.232587 
 0.083833 0.000000 0.000000 0.000000 -0.012460 
 0.083917 0.000000 0.000000 0.000000 -0.287295 
 0.084000 0.000000 0.000000 0.000000 -0.456969 
 0.084083 0.000000 0.000000 0.000000 -0.695354 
 0.084167 0.000000 0.000000 0.000000 -0.864841 
 0.084250 0.000000 0.000000 0.000000 -1.018270 
 0.084333 0.000000 0.000000 0.000000 -1.102431 
 0.084417 0.000000 0.000000 0.000000 -1.171076 
 0.084500 0.000000 0.000000 0.000000 -1.137816 
 0.084583 0.000000 0.000000 0.000000 -1.172153 
 0.084667 0.000000 0.000000 0.000000 -1.117908 
 0.084750 0.000000 0.000000 0.000000 -1.091099 
 0.084833 0.000000 0.000000 0.000000 -1.066833 
 0.084917 0.000000 0.000000 0.000000 -1.023469 
 0.085000 0.000000 0.000000 0.000000 -0.989453 
 0.085083 0.000000 0.000000 0.000000 -0.942866 
 0.085167 0.000000 0.000000 0.000000 -0.910717 
 0.085250 0.000000 0.000000 0.000000 -0.885755 
 0.085333 0.000000 0.000000 0.000000 -0.858542 
 0.085417 0.000000 0.000000 0.000000 -0.855427 
 0.085500 0.000000 0.000000 0.000000 -0.880150 
 0.085583 0.000000 0.000000 0.000000 -0.867738 
 0.085667 0.000000 0.000000 0.000000 -0.842773 
 0.085750 0.000000 0.000000 0.000000 -0.863290 
 0.085833 0.000000 0.000000 0.000000 -0.870059 
 0.085917 0.000000 0.000000 0.000000 -0.869173 
 0.086000 0.000000 0.000000 0.000000 -0.865499 
 0.086083 0.000000 0.000000 0.000000 -0.854870 
 0.086167 0.000000 0.000000 0.000000 -0.862341 
 0.086250 0.000000 0.000000 0.000000 -0.851812 
 0.086333 0.000000 0.000000 0.000000 -0.881240 
 0.086417 0.000000 0.000000 0.000000 -0.859926 
 0.086500 0.000000 0.000000 0.000000 -0.878201 
 0.086583 0.000000 0.000000 0.000000 -0.879245 
 0.086667 0.000000 0.000000 0.000000 -0.855754 
 0.086750 0.000000 0.000000 0.000000 -0.845850 
 0.086833 0.000000 0.000000 0.000000 -0.875987 
 0.086917 0.000000 0.000000 0.000000 -0.856653 
 0.087000 0.000000 0.000000 0.000000 -0.866785 
 0.087083 0.000000 0.000000 0.000000 -0.859442 
 0.087167 0.000000 0.000000 0.000000 -0.814507 
 0.087250 0.000000 0.000000 0.000000 -0.837848 
 0.087333 0.000000 0.000000 0.000000 -0.848495 
 0.087417 0.000000 0.000000 0.000000 -0.839525 
 0.087500 0.000000 0.000000 0.000000 -0.830930 
 0.087583 0.000000 0.000000 0.000000 -0.825264 
 0.087667 0.000000 0.000000 0.000000 -0.825399 
 0.087750 0.000000 0.000000 0.000000 -0.907199 
 0.087833 0.000000 0.000000 0.000000 -0.841492 
 0.087917 0.000000 0.000000 0.000000 -0.841492 
 0.088000 0.000000 0.000000 0.000000 -0.834360 
 0.088083 0.000000 0.000000 0.000000 -0.826417 
 0.088167 0.000000 0.000000 0.000000 -0.820018 
 0.088250 0.000000 0.000000 0.000000 -0.832186 
 0.088333 0.000000 0.000000 0.000000 -0.821905 
 0.088417 0.000000 0.000000 0.000000 -0.807084 
 0.088500 0.000000 0.000000 0.000000 -0.802184 
 0.088583 0.000000 0.000000 0.000000 -0.802184 
 0.088667 0.000000 0.000000 0.000000 -0.804772 
 0.088750 0.000000 0.000000 0.000000 -0.796477 
 0.088833 0.000000 0.000000 0.000000 -0.800031 
 0.088917 0.000000 0.000000 0.000000 -0.812319 
 0.089000 0.000000 0.000000 0.000000 -0.784819 
 0.089083 0.000000 0.000000 0.000000 -0.803124 
 0.089167 0.000000 0.000000 0.000000 -0.794617 
 0.089250 0.000000 0.000000 0.000000 -0.794980 
 0.089333 0.000000 0.000000 0.000000 -0.804414 
 0.089417 0.000000 0.000000 0.000000 -0.793046 
 0.089500 0.000000 0.000000 0.000000 -0.797349 
 0.089583 0.000000 0.000000 0.000000 -0.798842 
 0.089667 0.000000 0.000000 0.000000 -0.784406 
 0.089750 0.000000 0.000000 0.000000 -0.761975 
 0.089833 0.000000 0.000000 0.000000 -0.767383 
 0.089917 0.000000 0.000000 0.000000 -0.845424 
 0.090000 0.000000 0.000000 0.000000 -0.771259 
 0.090083 0.000000 0.000000 0.000000 -0.783419 
 0.090167 0.000000 0.000000 0.000000 -0.769204 
 0.090250 0.000000 0.000000 0.000000 -0.748776 
 0.090333 0.000000 0.000000 0.000000 -0.739578 
 0.090417 0.000000 0.000000 0.000000 -0.747716 
 0.090500 0.000000 0.000000 0.000000 -0.746300 
 0.090583 0.000000 0.000000 0.000000 -0.761846 
 0.090667 0.000000 0.000000 0.000000 -0.768466 
 0.090750 0.000000 0.000000 0.000000 -0.768466 
 0.090833 0.000000 0.000000 0.000000 -0.777878 
 0.090917 0.000000 0.000000 0.000000 -0.789698 
 0.091000 0.000000 0.000000 0.000000 -0.766482 
 0.091083 0.000000 0.000000 0.000000 -0.763855 
 0.091167 0.000000 0.000000 0.000000 -0.691898 
 0.091250 0.000000 0.000000 0.000000 -0.757052 
 0.091333 0.000000 0.000000 0.000000 -0.794809 
 0.091417 0.000000 0.000000 0.000000 -0.766349 
 0.091500 0.000000 0.000000 0.000000 -0.746950 
 0.091583 0.000000 0.000000 0.000000 -0.756641 
 0.091667 0.000000 0.000000 0.000000 -0.764623 
 0.091750 0.000000 0.000000 0.000000 -0.729353 
 0.091833 0.000000 0.000000 0.000000 -0.750126 
 0.091917 0.000000 0.000000 0.000000 -0.772449 
 0.092000 0.000000 0.000000 0.000000 -0.756389 
 0.092083 0.000000 0.000000 0.000000 -0.745364 
 0.092167 0.000000 0.000000 0.000000 -0.732669 
 0.092250 0.000000 0.000000 0.000000 -0.731680 
 0.092333 0.000000 0.000000 0.000000 -0.719279 
 0.092417 0.000000 0.000000 0.000000 -0.730028 
 0.092500 0.000000 0.000000 0.000000 -0.717999 
 0.092583 0.000000 0.000000 0.000000 -0.728700 
 0.092667 0.000000 0.000000 0.000000 -0.727564 
 0.092750 0.000000 0.000000 0.000000 -0.727964 
 0.092833 0.000000 0.000000 0.000000 -0.728111 
 0.092917 0.000000 0.000000 0.000000 -0.728804 
 0.093000 0.000000 0.000000 0.000000 -0.726786 
 0.093083 0.000000 0.000000 0.000000 -0.737923 
 0.093167 0.000000 0.000000 0.000000 -0.746633 
 0.093250 0.000000 0.000000 0.000000 -0.718102 
 0.093333 0.000000 0.000000 0.000000 -0.699065 
 0.093417 0.000000 0.000000 0.000000 -0.710415 
 0.093500 0.000000 0.000000 0.000000 -0.709486 
 0.093583 0.000000 0.000000 0.000000 -0.711389 
 0.093667 0.000000 0.000000 0.000000 -0.701151 
 0.093750 0.000000 0.000000 0.000000 -0.701151 
 0.093833 0.000000 0.000000 0.000000 -0.714231 
 0.093917 0.000000 0.000000 0.000000 -0.711800 
 0.094000 0.000000 0.000000 0.000000 -0.697706 
 0.094083 0.000000 0.000000 0.000000 -0.710233 
 0.094167 0.000000 0.000000 0.000000 -0.714564 
 0.094250 0.000000 0.000000 0.000000 -0.717582 
 0.094333 0.000000 0.000000 0.000000 -0.710925 
 0.094417 0.000000 0.000000 0.000000 -0.710925 
 0.094500 0.000000 0.000000 0.000000 -0.701273 
 0.094583 0.000000 0.000000 0.000000 -0.700008 
 0.094667 0.000000 0.000000 0.000000 -0.707515 
 0.094750 0.000000 0.000000 0.000000 -0.711378 
 0.094833 0.000000 0.000000 0.000000 -0.710494 
 0.094917 0.000000 0.000000 0.000000 -0.706607 
 0.095000 0.000000 0.000000 0.000000 -0.682433 
 0.095083 0.000000 0.000000 0.000000 -0.686808 
 0.095167 0.000000 0.000000 0.000000 -0.662591 
 0.095250 0.000000 0.000000 0.000000 -0.669714 
 0.095333 0.000000 0.000000 0.000000 -0.663894 
 0.095417 0.000000 0.000000 0.000000 -0.671262 
 0.095500 0.000000 0.000000 0.000000 -0.670696 
 0.095583 0.000000 0.000000 0.000000 -0.675847 
 0.095667 0.000000 0.000000 0.000000 -0.675259 
 0.095750 0.000000 0.000000 0.000000 -0.686048 
 0.095833 0.000000 0.000000 0.000000 -0.678962 
 0.095917 0.000000 0.000000 0.000000 -0.685644 
 0.096000 0.000000 0.000000 0.000000 -0.690768 
 0.096083 0.000000 0.000000 0.000000 -0.677858 
 0.096167 0.000000 0.000000 0.000000 -0.677519 
 0.096250 0.000000 0.000000 0.000000 -0.671280 
 0.096333 0.000000 0.000000 0.000000 -0.670817 
 0.096417 0.000000 0.000000 0.000000 -0.670817 
 0.096500 0.000000 0.000000 0.000000 -0.659313 
 0.096583 0.000000 0.000000 0.000000 -0.665900 
 0.096667 0.000000 0.000000 0.000000 -0.664664 
 0.096750 0.000000 0.000000 0.000000 -0.653638 
 0.096833 0.000000 0.000000 0.000000 -0.655141 
 0.096917 0.000000 0.000000 0.000000 -0.655141 
 0.097000 0.000000 0.000000 0.000000 -0.668952 
 0.097083 0.000000 0.000000 0.000000 -0.655061 
 0.097167 0.000000 0.000000 0.000000 -0.651968 
 0.097250 0.000000 0.000000 0.000000 -0.654654 
 0.097333 0.000000 0.000000 0.000000 -0.664791 
 0.097417 0.000000 0.000000 0.000000 -0.660218 
 0.097500 0.000000 0.000000 0.000000 -0.668013 
 0.097583 0.000000 0.000000 0.000000 -0.651554 
 0.097667 0.000000 0.000000 0.000000 -0.655727 
 0.097750 0.000000 0.000000 0.000000 -0.643538 
 0.097833 0.000000 0.000000 0.000000 -0.635608 
 0.097917 0.000000 0.000000 0.000000 -0.631771 
 0.098000 0.000000 0.000000 0.000000 -0.640322 
 0.098083 0.000000 0.000000 0.000000 -0.631885 
 0.098167 0.000000 0.000000 0.000000 -0.638340 
 0.098250 0.000000 0.000000 0.000000 -0.648963 
 0.098333 0.000000 0.000000 0.000000 -0.637000 
 0.098417 0.000000 0.000000 0.000000 -0.645787 
 0.098500 0.000000 0.000000 0.000000 -0.639984 
 0.098583 0.000000 0.000000 0.000000 -0.633863 
 0.098667 0.000000 0.000000 0.000000 -0.651864 
 0.098750 0.000000 0.000000 0.000000 -0.640106 
 0.098833 0.000000 0.000000 0.000000 -0.639984 
 0.098917 0.000000 0.000000 0.000000 -0.625916 
 0.099000 0.000000 0.000000 0.000000 -0.623722 
 0.099083 0.000000 0.000000 0.000000 -0.635318 
 0.099167 0.000000 0.000000 0.000000 -0.631406 
 0.099250 0.000000 0.000000 0.000000 -0.613971 
 0.099333 0.000000 0.000000 0.000000 -0.631446 
 0.099417 0.000000 0.000000 0.000000 -0.613479 
 0.099500 0.000000 0.000000 0.000000 -0.601435 
 0.099583 0.000000 0.000000 0.000000 -0.619928 
 0.099667 0.000000 0.000000 0.000000 -0.619585 
 0.099750 0.000000 0.000000 0.000000 -0.619585 
 0.099833 0.000000 0.000000 0.000000 -0.628286 
 0.099917 0.000000 0.000000 0.000000 -0.608701 
 0.100000 0.000000 0.000000 0.000000 -0.616202 
 0.100083 0.000000 0.000000 0.000000 -0.625223 
 0.100167 0.000000 0.000000 0.000000 -0.635611 
 0.100250 0.000000 0.000000 0.000000 -0.615025 
 0.100333 0.000000 0.000000 0.000000 -0.625213 
 0.100417 0.000000 0.000000 0.000000 -0.625213 
 0.100500 0.000000 0.000000 0.000000 -0.636180 
 0.100583 0.000000 0.000000 0.000000 -0.614730 
 0.100667 0.000000 0.000000 0.000000 -0.626372 
 0.100750 0.000000 0.000000 0.000000 -0.615241 
 0.100833 0.000000 0.000000 0.000000 -0.593511 
 0.100917 0.000000 0.000000 0.000000 -0.594037 
 0.101000 0.000000 0.000000 0.000000 -0.594021 
 0.101083 0.000000 0.000000 0.000000 -0.604335 
 0.101167 0.000000 0.000000 0.000000 -0.618089 
 0.101250 0.000000 0.000000 0.000000 -0.595755 
 0.101333 0.000000 0.000000 0.000000 -0.608261 
 0.101417 0.000000 0.000000 0.000000 -0.599471 
 0.101500 0.000000 0.000000 0.000000 -0.587115 
 0.101583 0.000000 0.000000 0.000000 -0.598479 
 0.101667 0.000000 0.000000 0.000000 -0.626464 
 0.101750 0.000000 0.000000 0.000000 -0.600198 
 0.101833 0.000000 0.000000 0.000000 -0.602177 
 0.101917 0.000000 0.000000 0.000000 -0.615631 
 0.102000 0.000000 0.000000 0.000000 -0.613863 
 0.102083 0.000000 0.000000 0.000000 -0.602247 
 0.102167 0.000000 0.000000 0.000000 -0.595157 
 0.102250 0.000000 0.000000 0.000000 -0.595157 
 0.102333 0.000000 0.000000 0.000000 -0.609573 
 0.102417 0.000000 0.000000 0.000000 -0.600422 
 0.102500 0.000000 0.000000 0.000000 -0.591615 
 0.102583 0.000000 0.000000 0.000000 -0.585390 
 0.102667 0.000000 0.000000 0.000000 -0.589138 
 0.102750 0.000000 0.000000 0.000000 -0.601038 
 0.102833 0.000000 0.000000 0.000000 -0.581013 
 0.102917 0.000000 0.000000 0.000000 -0.598401 
 0.103000 0.000000 0.000000 0.000000 -0.571160 
 0.103083 0.000000 0.000000 0.000000 -0.562619 
 0.103167 0.000000 0.000000 0.000000 -0.578258 
 0.103250 0.000000 0.000000 0.000000 -0.585587 
 0.103333 0.000000 0.000000 0.000000 -0.614025 
 0.103417 0.000000 0.000000 0.000000 -0.573876 
 0.103500 0.000000 0.000000 0.000000 -0.561943 
 0.103583 0.000000 0.000000 0.000000 -0.566033 
 0.103667 0.000000 0.000000 0.000000 -0.586856 
 0.103750 0.000000 0.000000 0.000000 -0.574680 
 0.103833 0.000000 0.000000 0.000000 -0.591920 
 0.103917 0.000000 0.000000 0.000000 -0.579700 
 0.104000 0.000000 0.000000 0.000000 -0.584737 
 0.104083 0.000000 0.000000 0.000000 -0.589419 
 0.104167 0.000000 0.000000 0.000000 -0.612214 
 0.104250 0.000000 0.000000 0.000000 -0.565575 
 0.104333 0.000000 0.000000 0.000000 -0.573178 
 0.104417 0.000000 0.000000 0.000000 -0.548576 
 0.104500 0.000000 0.000000 0.000000 -0.553878 
 0.104583 0.000000 0.000000 0.000000 -0.552182 
 0.104667 0.000000 0.000000 0.000000 -0.564907 
 0.104750 0.000000 0.000000 0.000000 -0.581424 
 0.104833 0.000000 0.000000 0.000000 -0.587896 
 0.104917 0.000000 0.000000 0.000000 -0.587896 
 0.105000 0.000000 0.000000 0.000000 -0.612793 
 0.105083 0.000000 0.000000 0.000000 -0.588693 
 0.105167 0.000000 0.000000 0.000000 -0.577067 
 0.105250 0.000000 0.000000 0.000000 -0.626135 
 0.105333 0.000000 0.000000 0.000000 -0.552742 
 0.105417 0.000000 0.000000 0.000000 -0.540387 
 0.105500 0.000000 0.000000 0.000000 -0.540689 
 0.105583 0.000000 0.000000 0.000000 -0.540689 
 0.105667 0.000000 0.000000 0.000000 -0.630005 
 0.105750 0.000000 0.000000 0.000000 -0.541762 
 0.105833 0.000000 0.000000 0.000000 -0.542055 
 0.105917 0.000000 0.000000 0.000000 -0.548844 
 0.106000 0.000000 0.000000 0.000000 -0.556166 
 0.106083 0.000000 0.000000 0.000000 -0.524568 
 0.106167 0.000000 0.000000 0.000000 -0.531946 
 0.106250 0.000000 0.000000 0.000000 -0.551385 
 0.106333 0.000000 0.000000 0.000000 -0.546802 
 0.106417 0.000000 0.000000 0.000000 -0.551771 
 0.106500 0.000000 0.000000 0.000000 -0.527478 
 0.106583 0.000000 0.000000 0.000000 -0.534933 
 0.106667 0.000000 0.000000 0.000000 -0.555062 
 0.106750 0.000000 0.000000 0.000000 -0.555062 
 0.106833 0.000000 0.000000 0.000000 -0.555363 
 0.106917 0.000000 0.000000 0.000000 -0.547597 
 0.107000 0.000000 0.000000 0.000000 -0.551251 
 0.107083 0.000000 0.000000 0.000000 -0.519007 
 0.107167 0.000000 0.000000 0.000000 -0.535290 
 0.107250 0.000000 0.000000 0.000000 -0.515084 
 0.107333 0.000000 0.000000 0.000000 -0.543790 
 0.107417 0.000000 0.000000 0.000000 -0.515238 
 0.107500 0.000000 0.000000 0.000000 -0.527269 
 0.107583 0.000000 0.000000 0.000000 -0.547712 
 0.107667 0.000000 0.000000 0.000000 -0.544183 
 0.107750 0.000000 0.000000 0.000000 -0.540747 
 0.107833 0.000000 0.000000 0.000000 -0.549604 
 0.107917 0.000000 0.000000 0.000000 -0.561535 
 0.108000 0.000000 0.000000 0.000000 -0.546647 
 0.108083 0.000000 0.000000 0.000000 -0.525943 
 0.108167 0.000000 0.000000 0.000000 -0.532129 
 0.108250 0.000000 0.000000 0.000000 -0.532129 
 0.108333 0.000000 0.000000 0.000000 -0.541571 
 0.108417 0.000000 0.000000 0.000000 -0.541571 
 0.108500 0.000000 0.000000 0.000000 -0.551138 
 0.108583 0.000000 0.000000 0.000000 -0.539434 
 0.108667 0.000000 0.000000 0.000000 -0.549135 
 0.108750 0.000000 0.000000 0.000000 -0.525853 
 0.108833 0.000000 0.000000 0.000000 -0.537892 
 0.108917 0.000000 0.000000 0.000000 -0.558951 
 0.109000 0.000000 0.000000 0.000000 -0.515160 
 0.109083 0.000000 0.000000 0.000000 -0.526664 
 0.109167 0.000000 0.000000 0.000000 -0.517139 
 0.109250 0.000000 0.000000 0.000000 -0.494261 
 0.109333 0.000000 0.000000 0.000000 -0.504222 
 0.109417 0.000000 0.000000 0.000000 -0.514060 
 0.109500 0.000000 0.000000 0.000000 -0.493063 
 0.109583 0.000000 0.000000 0.000000 -0.493063 
 0.109667 0.000000 0.000000 0.000000 -0.503172 
 0.109750 0.000000 0.000000 0.000000 -0.491962 
 0.109833 0.000000 0.000000 0.000000 -0.492124 
 0.109917 0.000000 0.000000 0.000000 -0.512500 
 0.110000 0.000000 0.000000 0.000000 -0.544276 
 0.110083 0.000000 0.000000 0.000000 -0.522195 
 0.110167 0.000000 0.000000 0.000000 -0.522585 
 0.110250 0.000000 0.000000 0.000000 -0.532959 
 0.110333 0.000000 0.000000 0.000000 -0.533360 
 0.110417 0.000000 0.000000 0.000000 -0.522496 
 0.110500 0.000000 0.000000 0.000000 -0.575826 
 0.110583 0.000000 0.000000 0.000000 -0.543887 
 0.110667 0.000000 0.000000 0.000000 -0.523058 
 0.110750 0.000000 0.000000 0.000000 -0.491036 
 0.110833 0.000000 0.000000 0.000000 -0.491240 
 0.110917 0.000000 0.000000 0.000000 -0.502010 
 0.111000 0.000000 0.000000 0.000000 -0.480840 
 0.111083 0.000000 0.000000 0.000000 -0.491701 
 0.111167 0.000000 0.000000 0.000000 -0.492424 
 0.111250 0.000000 0.000000 0.000000 -0.492424 
 0.111333 0.000000 0.000000 0.000000 -0.472077 
 0.111417 0.000000 0.000000 0.000000 -0.492632 
 0.111500 0.000000 0.000000 0.000000 -0.503836 
 0.111583 0.000000 0.000000 0.000000 -0.472369 
 0.111667 0.000000 0.000000 0.000000 -0.493852 
 0.111750 0.000000 0.000000 0.000000 -0.431193 
 0.111833 0.000000 0.000000 0.000000 -0.496540 
 0.111917 0.000000 0.000000 0.000000 -0.529017 
 0.112000 0.000000 0.000000 0.000000 -0.508204 
 0.112083 0.000000 0.000000 0.000000 -0.506719 
 0.112167 0.000000 0.000000 0.000000 -0.508487 
 0.112250 0.000000 0.000000 0.000000 -0.489009 
 0.112333 0.000000 0.000000 0.000000 -0.491235 
 0.112417 0.000000 0.000000 0.000000 -0.479770 
 0.112500 0.000000 0.000000 0.000000 -0.503264 
 0.112583 0.000000 0.000000 0.000000 -0.449649 
 0.112667 0.000000 0.000000 0.000000 -0.482751 
 0.112750 0.000000 0.000000 0.000000 -0.440790 
 0.112833 0.000000 0.000000 0.000000 -0.473845 
 0.112917 0.000000 0.000000 0.000000 -0.485501 
 0.113000 0.000000 0.000000 0.000000 -0.474229 
 0.113083 0.000000 0.000000 0.000000 -0.544498 
 0.113167 0.000000 0.000000 0.000000 -0.488976 
 0.113250 0.000000 0.000000 0.000000 -0.477216 
 0.113333 0.000000 0.000000 0.000000 -0.474699 
 0.113417 0.000000 0.000000 0.000000 -0.465791 
 0.113500 0.000000 0.000000 0.000000 -0.498502 
 0.113583 0.000000 0.000000 0.000000 -0.477852 
 0.113667 0.000000 0.000000 0.000000 -0.460533 
 0.113750 0.000000 0.000000 0.000000 -0.472419 
 0.113833 0.000000 0.000000 0.000000 -0.476393 
 0.113917 0.000000 0.000000 0.000000 -0.464445 
 0.114000 0.000000 0.000000 0.000000 -0.505604 
 0.114083 0.000000 0.000000 0.000000 -0.485198 
 0.114167 0.000000 0.000000 0.000000 -0.517756 
 0.114250 0.000000 0.000000 0.000000 -0.489147 
 0.114333 0.000000 0.000000 0.000000 -0.501530 
 0.114417 0.000000 0.000000 0.000000 -0.485553 
 0.114500 0.000000 0.000000 0.000000 -0.400950 
 0.114583 0.000000 0.000000 0.000000 -0.461347 
 0.114667 0.000000 0.000000 0.000000 -0.457558 
 0.114750 0.000000 0.000000 0.000000 -0.481788 
 0.114833 0.000000 0.000000 0.000000 -0.489723 
 0.114917 0.000000 0.000000 0.000000 -0.509647 
 0.115000 0.000000 0.000000 0.000000 -0.501795 
 0.115083 0.000000 0.000000 0.000000 -0.442376 
 0.115167 0.000000 0.000000 0.000000 -0.454735 
 0.115250 0.000000 0.000000 0.000000 -0.466930 
 0.115333 0.000000 0.000000 0.000000 -0.454846 
 0.115417 0.000000 0.000000 0.000000 -0.427901 
 0.115500 0.000000 0.000000 0.000000 -0.454865 
 0.115583 0.000000 0.000000 0.000000 -0.447642 
 0.115667 0.000000 0.000000 0.000000 -0.447686 
 0.115750 0.000000 0.000000 0.000000 -0.428287 
 0.115833 0.000000 0.000000 0.000000 -0.459955 
 0.115917 0.000000 0.000000 0.000000 -0.447689 
 0.116000 0.000000 0.000000 0.000000 -0.472184 
 0.116083 0.000000 0.000000 0.000000 -0.446213 
 0.116167 0.000000 0.000000 0.000000 -0.465341 
 0.116250 0.000000 0.000000 0.000000 -0.458630 
 0.116333 0.000000 0.000000 0.000000 -0.464440 
 0.116417 0.000000 0.000000 0.000000 -0.476730 
 0.116500 0.000000 0.000000 0.000000 -0.383349 
 0.116583 0.000000 0.000000 0.000000 -0.445337 
 0.116667 0.000000 0.000000 0.000000 -0.451968 
 0.116750 0.000000 0.000000 0.000000 -0.458272 
 0.116833 0.000000 0.000000 0.000000 -0.482907 
 0.116917 0.000000 0.000000 0.000000 -0.464507 
 0.117000 0.000000 0.000000 0.000000 -0.446107 
 0.117083 0.000000 0.000000 0.000000 -0.409577 
 0.117167 0.000000 0.000000 0.000000 -0.434368 
 0.117250 0.000000 0.000000 0.000000 -0.434368 
 0.117333 0.000000 0.000000 0.000000 -0.434528 
 0.117417 0.000000 0.000000 0.000000 -0.428867 
 0.117500 0.000000 0.000000 0.000000 -0.398928 
 0.117583 0.000000 0.000000 0.000000 -0.411205 
 0.117667 0.000000 0.000000 0.000000 -0.406036 
 0.117750 0.000000 0.000000 0.000000 -0.423726 
 0.117833 0.000000 0.000000 0.000000 -0.443312 
 0.117917 0.000000 0.000000 0.000000 -0.455561 
 0.118000 0.000000 0.000000 0.000000 -0.420923 
 0.118083 0.000000 0.000000 0.000000 -0.443434 
 0.118167 0.000000 0.000000 0.000000 -0.433781 
 0.118250 0.000000 0.000000 0.000000 -0.421560 
 0.118333 0.000000 0.000000 0.000000 -0.426696 
 0.118417 0.000000 0.000000 0.000000 -0.421860 
 0.118500 0.000000 0.000000 0.000000 -0.422266 
 0.118583 0.000000 0.000000 0.000000 -0.422266 
 0.118667 0.000000 0.000000 0.000000 -0.427023 
 0.118750 0.000000 0.000000 0.000000 -0.422468 
 0.118833 0.000000 0.000000 0.000000 -0.427095 
 0.118917 0.000000 0.000000 0.000000 -0.414957 
 0.119000 0.000000 0.000000 0.000000 -0.386522 
 0.119083 0.000000 0.000000 0.000000 -0.398633 
 0.119167 0.000000 0.000000 0.000000 -0.366337 
 0.119250 0.000000 0.000000 0.000000 -0.402602 
 0.119333 0.000000 0.000000 0.000000 -0.415009 
 0.119417 0.000000 0.000000 0.000000 -0.431017 
 0.119500 0.000000 0.000000 0.000000 -0.419034 
 0.119583 0.000000 0.000000 0.000000 -0.407003 
 0.119667 0.000000 0.000000 0.000000 -0.411668 
 0.119750 0.000000 0.000000 0.000000 -0.415365 
 0.119833 0.000000 0.000000 0.000000 -0.419007 
 0.119917 0.000000 0.000000 0.000000 -0.412001 
 0.120000 0.000000 0.000000 0.000000 -0.412157 
 0.120083 0.000000 0.000000 0.000000 -0.396854 
 0.120167 0.000000 0.000000 0.000000 -0.385336 
 0.120250 0.000000 0.000000 0.000000 -0.420975 
 0.120333 0.000000 0.000000 0.000000 -0.439143 
 0.120417 0.000000 0.000000 0.000000 -0.403040 
 0.120500 0.000000 0.000000 0.000000 -0.453689 
 0.120583 0.000000 0.000000 0.000000 -0.412375 
 0.120667 0.000000 0.000000 0.000000 -0.401165 
 0.120750 0.000000 0.000000 0.000000 -0.403942 
 0.120833 0.000000 0.000000 0.000000 -0.404215 
 0.120917 0.000000 0.000000 0.000000 -0.392494 
 0.121000 0.000000 0.000000 0.000000 -0.418657 
 0.121083 0.000000 0.000000 0.000000 -0.390400 
 0.121167 0.000000 0.000000 0.000000 -0.416297 
 0.121250 0.000000 0.000000 0.000000 -0.393041 
 0.121333 0.000000 0.000000 0.000000 -0.393232 
 0.121417 0.000000 0.000000 0.000000 -0.381654 
 0.121500 0.000000 0.000000 0.000000 -0.358785 
 0.121583 0.000000 0.000000 0.000000 -0.381838 
 0.121667 0.000000 0.000000 0.000000 -0.381975 
 0.121750 0.000000 0.000000 0.000000 -0.366713 
 0.121833 0.000000 0.000000 0.000000 -0.380265 
 0.121917 0.000000 0.000000 0.000000 -0.378497 
 0.122000 0.000000 0.000000 0.000000 -0.378771 
 0.122083 0.000000 0.000000 0.000000 -0.391781 
 0.122167 0.000000 0.000000 0.000000 -0.379028 
 0.122250 0.000000 0.000000 0.000000 -0.379028 
 0.122333 0.000000 0.000000 0.000000 -0.379238 
 0.122417 0.000000 0.000000 0.000000 -0.366637 
 0.122500 0.000000 0.000000 0.000000 -0.402975 
 0.122583 0.000000 0.000000 0.000000 -0.377002 
 0.122667 0.000000 0.000000 0.000000 -0.411829 
 0.122750 0.000000 0.000000 0.000000 -0.398509 
 0.122833 0.000000 0.000000 0.000000 -0.387900 
 0.122917 0.000000 0.000000 0.000000 -0.388800 
 0.123000 0.000000 0.000000 0.000000 -0.377974 
 0.123083 0.000000 0.000000 0.000000 -0.389761 
 0.123167 0.000000 0.000000 0.000000 -0.378836 
 0.123250 0.000000 0.000000 0.000000 -0.389783 
 0.123333 0.000000 0.000000 0.000000 -0.389755 
 0.123417 0.000000 0.000000 0.000000 -0.378375 
 0.123500 0.000000 0.000000 0.000000 -0.368026 
 0.123583 0.000000 0.000000 0.000000 -0.356807 
 0.123667 0.000000 0.000000 0.000000 -0.378563 
 0.123750 0.000000 0.000000 0.000000 -0.390097 
 0.123833 0.000000 0.000000 0.000000 -0.367996 
 0.123917 0.000000 0.000000 0.000000 -0.378681 
 0.124000 0.000000 0.000000 0.000000 -0.367970 
 0.124083 0.000000 0.000000 0.000000 -0.368013 
 0.124167 0.000000 0.000000 0.000000 -0.357806 
 0.124250 0.000000 0.000000 0.000000 -0.378725 
 0.124333 0.000000 0.000000 0.000000 -0.357757 
 0.124417 0.000000 0.000000 0.000000 -0.357757 
 0.124500 0.000000 0.000000 0.000000 -0.398233 
 0.124583 0.000000 0.000000 0.000000 -0.357903 
 0.124667 0.000000 0.000000 0.000000 -0.358566 
 0.124750 0.000000 0.000000 0.000000 -0.358566 
 0.124833 0.000000 0.000000 0.000000 -0.368312 
 0.124917 0.000000 0.000000 0.000000 -0.358032 
 0.125000 0.000000 0.000000 0.000000 -0.347836 
 0.125083 0.000000 0.000000 0.000000 -0.348691 
 0.125167 0.000000 0.000000 0.000000 -0.349838 
 0.125250 0.000000 0.000000 0.000000 -0.368122 
 0.125333 0.000000 0.000000 0.000000 -0.360141 
 0.125417 0.000000 0.000000 0.000000 -0.347864 
 0.125500 0.000000 0.000000 0.000000 -0.357819 
 0.125583 0.000000 0.000000 0.000000 -0.392883 
 0.125667 0.000000 0.000000 0.000000 -0.350500 
 0.125750 0.000000 0.000000 0.000000 -0.349113 
 0.125833 0.000000 0.000000 0.000000 -0.332457 
 0.125917 0.000000 0.000000 0.000000 -0.330961 
 0.126000 0.000000 0.000000 0.000000 -0.324717 
 0.126083 0.000000 0.000000 0.000000 -0.314968 
 0.126167 0.000000 0.000000 0.000000 -0.325118 
 0.126250 0.000000 0.000000 0.000000 -0.331378 
 0.126333 0.000000 0.000000 0.000000 -0.352681 
 0.126417 0.000000 0.000000 0.000000 -0.341210 
 0.126500 0.000000 0.000000 0.000000 -0.358288 
 0.126583 0.000000 0.000000 0.000000 -0.341275 
 0.126667 0.000000 0.000000 0.000000 -0.334011 
 0.126750 0.000000 0.000000 0.000000 -0.341304 
 0.126833 0.000000 0.000000 0.000000 -0.334182 
 0.126917 0.000000 0.000000 0.000000 -0.343540 
 0.127000 0.000000 0.000000 0.000000 -0.348126 
 0.127083 0.000000 0.000000 0.000000 -0.341251 
 0.127167 0.000000 0.000000 0.000000 -0.350370 
 0.127250 0.000000 0.000000 0.000000 -0.341182 
 0.127333 0.000000 0.000000 0.000000 -0.328105 
 0.127417 0.000000 0.000000 0.000000 -0.325483 
 0.127500 0.000000 0.000000 0.000000 -0.316583 
 0.127583 0.000000 0.000000 0.000000 -0.313854 
 0.127667 0.000000 0.000000 0.000000 -0.304948 
 0.127750 0.000000 0.000000 0.000000 -0.310585 
 0.127833 0.000000 0.000000 0.000000 -0.299253 
 0.127917 0.000000 0.000000 0.000000 -0.293380 
 0.128000 0.000000 0.000000 0.000000 -0.302550 
 0.128083 0.000000 0.000000 0.000000 -0.287623 
 0.128167 0.000000 0.000000 0.000000 -0.308471 
 0.128250 0.000000 0.000000 0.000000 -0.320364 
 0.128333 0.000000 0.000000 0.000000 -0.317238 
 0.128417 0.000000 0.000000 0.000000 -0.329159 
 0.128500 0.000000 0.000000 0.000000 -0.329239 
 0.128583 0.000000 0.000000 0.000000 -0.320709 
 0.128667 0.000000 0.000000 0.000000 -0.303973 
 0.128750 0.000000 0.000000 0.000000 -0.317299 
 0.128833 0.000000 0.000000 0.000000 -0.312578 
 0.128917 0.000000 0.000000 0.000000 -0.304222 
 0.129000 0.000000 0.000000 0.000000 -0.300726 
 0.129083 0.000000 0.000000 0.000000 -0.300726 
 0.129167 0.000000 0.000000 0.000000 -0.292202 
 0.129250 0.000000 0.000000 0.000000 -0.296501 
 0.129333 0.000000 0.000000 0.000000 -0.304937 
 0.129417 0.000000 0.000000 0.000000 -0.317026 
 0.129500 0.000000 0.000000 0.000000 -0.308928 
 0.129583 0.000000 0.000000 0.000000 -0.305003 
 0.129667 0.000000 0.000000 0.000000 -0.297227 
 0.129750 0.000000 0.000000 0.000000 -0.280890 
 0.129833 0.000000 0.000000 0.000000 -0.269598 
 0.129917 0.000000 0.000000 0.000000 -0.273912 
 0.130000 0.000000 0.000000 0.000000 -0.286488 
 0.130083 0.000000 0.000000 0.000000 -0.298654 
 0.130167 0.000000 0.000000 0.000000 -0.300816 
 0.130250 0.000000 0.000000 0.000000 -0.296263 
 0.130333 0.000000 0.000000 0.000000 -0.309618 
 0.130417 0.000000 0.000000 0.000000 -0.297807 
 0.130500 0.000000 0.000000 0.000000 -0.308112 
 0.130583 0.000000 0.000000 0.000000 -0.287694 
 0.130667 0.000000 0.000000 0.000000 -0.297359 
 0.130750 0.000000 0.000000 0.000000 -0.287808 
 0.130833 0.000000 0.000000 0.000000 -0.278468 
 0.130917 0.000000 0.000000 0.000000 -0.268861 
 0.131000 0.000000 0.000000 0.000000 -0.261878 
 0.131083 0.000000 0.000000 0.000000 -0.261878 
 0.131167 0.000000 0.000000 0.000000 -0.271407 
 0.131250 0.000000 0.000000 0.000000 -0.271407 
 0.131333 0.000000 0.000000 0.000000 -0.264512 
 0.131417 0.000000 0.000000 0.000000 -0.269725 
 0.131500 0.000000 0.000000 0.000000 -0.270078 
 0.131583 0.000000 0.000000 0.000000 -0.257792 
 0.131667 0.000000 0.000000 0.000000 -0.258024 
 0.131750 0.000000 0.000000 0.000000 -0.263436 
 0.131833 0.000000 0.000000 0.000000 -0.270663 
 0.131917 0.000000 0.000000 0.000000 -0.278638 
 0.132000 0.000000 0.000000 0.000000 -0.277524 
 0.132083 0.000000 0.000000 0.000000 -0.265217 
 0.132167 0.000000 0.000000 0.000000 -0.277652 
 0.132250 0.000000 0.000000 0.000000 -0.284256 
 0.132333 0.000000 0.000000 0.000000 -0.265440 
 0.132417 0.000000 0.000000 0.000000 -0.264736 
 0.132500 0.000000 0.000000 0.000000 -0.259103 
 0.132583 0.000000 0.000000 0.000000 -0.258588 
 0.132667 0.000000 0.000000 0.000000 -0.264786 
 0.132750 0.000000 0.000000 0.000000 -0.259595 
 0.132833 0.000000 0.000000 0.000000 -0.265409 
 0.132917 0.000000 0.000000 0.000000 -0.252885 
 0.133000 0.000000 0.000000 0.000000 -0.253297 
 0.133083 0.000000 0.000000 0.000000 -0.253297 
 0.133167 0.000000 0.000000 0.000000 -0.247254 
 0.133250 0.000000 0.000000 0.000000 -0.253749 
 0.133333 0.000000 0.000000 0.000000 -0.241371 
 0.133417 0.000000 0.000000 0.000000 -0.241782 
 0.133500 0.000000 0.000000 0.000000 -0.241960 
 0.133583 0.000000 0.000000 0.000000 -0.254284 
 0.133667 0.000000 0.000000 0.000000 -0.254553 
 0.133750 0.000000 0.000000 0.000000 -0.242231 
 0.133833 0.000000 0.000000 0.000000 -0.243578 
 0.133917 0.000000 0.000000 0.000000 -0.248354 
 0.134000 0.000000 0.000000 0.000000 -0.242850 
 0.134083 0.000000 0.000000 0.000000 -0.240753 
 0.134167 0.000000 0.000000 0.000000 -0.236326 
 0.134250 0.000000 0.000000 0.000000 -0.246217 
 0.134333 0.000000 0.000000 0.000000 -0.241944 
 0.134417 0.000000 0.000000 0.000000 -0.243336 
 0.134500 0.000000 0.000000 0.000000 -0.243585 
 0.134583 0.000000 0.000000 0.000000 -0.238230 
 0.134667 0.000000 0.000000 0.000000 -0.231484 
 0.134750 0.000000 0.000000 0.000000 -0.233232 
 0.134833 0.000000 0.000000 0.000000 -0.233368 
 0.134917 0.000000 0.000000 0.000000 -0.235180 
 0.135000 0.000000 0.000000 0.000000 -0.238187 
 0.135083 0.000000 0.000000 0.000000 -0.239061 
 0.135167 0.000000 0.000000 0.000000 -0.239328 
 0.135250 0.000000 0.000000 0.000000 -0.237035 
 0.135333 0.000000 0.000000 0.000000 -0.234578 
 0.135417 0.000000 0.000000 0.000000 -0.229741 
 0.135500 0.000000 0.000000 0.000000 -0.224854 
 0.135583 0.000000 0.000000 0.000000 -0.224854 
 0.135667 0.000000 0.000000 0.000000 -0.220188 
 0.135750 0.000000 0.000000 0.000000 -0.232419 
 0.135833 0.000000 0.000000 0.000000 -0.230590 
 0.135917 0.000000 0.000000 0.000000 -0.239987 
 0.136000 0.000000 0.000000 0.000000 -0.228007 
 0.136083 0.000000 0.000000 0.000000 -0.220377 
 0.136167 0.000000 0.000000 0.000000 -0.220465 
 0.136250 0.000000 0.000000 0.000000 -0.223676 
 0.136333 0.000000 0.000000 0.000000 -0.202918 
 0.136417 0.000000 0.000000 0.000000 -0.222877 
 0.136500 0.000000 0.000000 0.000000 -0.215432 
 0.136583 0.000000 0.000000 0.000000 -0.216261 
 0.136667 0.000000 0.000000 0.000000 -0.212093 
 0.136750 0.000000 0.000000 0.000000 -0.204204 
 0.136833 0.000000 0.000000 0.000000 -0.220209 
 0.136917 0.000000 0.000000 0.000000 -0.204319 
 0.137000 0.000000 0.000000 0.000000 -0.204542 
 0.137083 0.000000 0.000000 0.000000 -0.208597 
 0.137167 0.000000 0.000000 0.000000 -0.216719 
 0.137250 0.000000 0.000000 0.000000 -0.216719 
 0.137333 0.000000 0.000000 0.000000 -0.209018 
 0.137417 0.000000 0.000000 0.000000 -0.209394 
 0.137500 0.000000 0.000000 0.000000 -0.209233 
 0.137583 0.000000 0.000000 0.000000 -0.197159 
 0.137667 0.000000 0.000000 0.000000 -0.202063 
 0.137750 0.000000 0.000000 0.000000 -0.197466 
 0.137833 0.000000 0.000000 0.000000 -0.197662 
 0.137917 0.000000 0.000000 0.000000 -0.206040 
 0.138000 0.000000 0.000000 0.000000 -0.202783 
 0.138083 0.000000 0.000000 0.000000 -0.197906 
 0.138167 0.000000 0.000000 0.000000 -0.206556 
 0.138250 0.000000 0.000000 0.000000 -0.211540 
 0.138333 0.000000 0.000000 0.000000 -0.198086 
 0.138417 0.000000 0.000000 0.000000 -0.210085 
 0.138500 0.000000 0.000000 0.000000 -0.205159 
 0.138583 0.000000 0.000000 0.000000 -0.201823 
 0.138667 0.000000 0.000000 0.000000 -0.198721 
 0.138750 0.000000 0.000000 0.000000 -0.178088 
 0.138833 0.000000 0.000000 0.000000 -0.195444 
 0.138917 0.000000 0.000000 0.000000 -0.186754 
 0.139000 0.000000 0.000000 0.000000 -0.195812 
 0.139083 0.000000 0.000000 0.000000 -0.193288 
 0.139167 0.000000 0.000000 0.000000 -0.190302 
 0.139250 0.000000 0.000000 0.000000 -0.193312 
 0.139333 0.000000 0.000000 0.000000 -0.190355 
 0.139417 0.000000 0.000000 0.000000 -0.193332 
 0.139500 0.000000 0.000000 0.000000 -0.196555 
 0.139583 0.000000 0.000000 0.000000 -0.193691 
 0.139667 0.000000 0.000000 0.000000 -0.176505 
 0.139750 0.000000 0.000000 0.000000 -0.191118 
 0.139833 0.000000 0.000000 0.000000 -0.185120 
 0.139917 0.000000 0.000000 0.000000 -0.191462 
 0.140000 0.000000 0.000000 0.000000 -0.182731 
 0.140083 0.000000 0.000000 0.000000 -0.169737 
 0.140167 0.000000 0.000000 0.000000 -0.169751 
 0.140250 0.000000 0.000000 0.000000 -0.180449 
 0.140333 0.000000 0.000000 0.000000 -0.171532 
 0.140417 0.000000 0.000000 0.000000 -0.171532 
 0.140500 0.000000 0.000000 0.000000 -0.174170 
 0.140583 0.000000 0.000000 0.000000 -0.176599 
 0.140667 0.000000 0.000000 0.000000 -0.176768 
 0.140750 0.000000 0.000000 0.000000 -0.186108 
 0.140833 0.000000 0.000000 0.000000 -0.193032 
 0.140917 0.000000 0.000000 0.000000 -0.179120 
 0.141000 0.000000 0.000000 0.000000 -0.188630 
 0.141083 0.000000 0.000000 0.000000 -0.177028 
 0.141167 0.000000 0.000000 0.000000 -0.174937 
 0.141250 0.000000 0.000000 0.000000 -0.179175 
 0.141333 0.000000 0.000000 0.000000 -0.184617 
 0.141417 0.000000 0.000000 0.000000 -0.182568 
 0.141500 0.000000 0.000000 0.000000 -0.175292 
 0.141583 0.000000 0.000000 0.000000 -0.173336 
 0.141667 0.000000 0.000000 0.000000 -0.173509 
 0.141750 0.000000 0.000000 0.000000 -0.175408 
 0.141833 0.000000 0.000000 0.000000 -0.167721 
 0.141917 0.000000 0.000000 0.000000 -0.169528 
 0.142000 0.000000 0.000000 0.000000 -0.167738 
 0.142083 0.000000 0.000000 0.000000 -0.161471 
 0.142167 0.000000 0.000000 0.000000 -0.163003 
 0.142250 0.000000 0.000000 0.000000 -0.174164 
 0.142333 0.000000 0.000000 0.000000 -0.175956 
 0.142417 0.000000 0.000000 0.000000 -0.177557 
 0.142500 0.000000 0.000000 0.000000 -0.177605 
 0.142583 0.000000 0.000000 0.000000 -0.184413 
 0.142667 0.000000 0.000000 0.000000 -0.183183 
 0.142750 0.000000 0.000000 0.000000 -0.173287 
 0.142833 0.000000 0.000000 0.000000 -0.174878 
 0.142917 0.000000 0.000000 0.000000 -0.182020 
 0.143000 0.000000 0.000000 0.000000 -0.176433 
 0.143083 0.000000 0.000000 0.000000 -0.177707 
 0.143167 0.000000 0.000000 0.000000 -0.157675 
 0.143250 0.000000 0.000000 0.000000 -0.148899 
 0.143333 0.000000 0.000000 0.000000 -0.147543 
 0.143417 0.000000 0.000000 0.000000 -0.156431 
 0.143500 0.000000 0.000000 0.000000 -0.165439 
 0.143583 0.000000 0.000000 0.000000 -0.155331 
 0.143667 0.000000 0.000000 0.000000 -0.154344 
 0.143750 0.000000 0.000000 0.000000 -0.166559 
 0.143833 0.000000 0.000000 0.000000 -0.165619 
 0.143917 0.000000 0.000000 0.000000 -0.155437 
 0.144000 0.000000 0.000000 0.000000 -0.144356 
 0.144083 0.000000 0.000000 0.000000 -0.153662 
 0.144167 0.000000 0.000000 0.000000 -0.152114 
 0.144250 0.000000 0.000000 0.000000 -0.153816 
 0.144333 0.000000 0.000000 0.000000 -0.154793 
 0.144417 0.000000 0.000000 0.000000 -0.165085 
 0.144500 0.000000 0.000000 0.000000 -0.154848 
 0.144583 0.000000 0.000000 0.000000 -0.155584 
 0.144667 0.000000 0.000000 0.000000 -0.146625 
 0.144750 0.000000 0.000000 0.000000 -0.145269 
 0.144833 0.000000 0.000000 0.000000 -0.126855 
 0.144917 0.000000 0.000000 0.000000 -0.154459 
 0.145000 0.000000 0.000000 0.000000 -0.154665 
 0.145083 0.000000 0.000000 0.000000 -0.155171 
 0.145167 0.000000 0.000000 0.000000 -0.144289 
 0.145250 0.000000 0.000000 0.000000 -0.145229 
 0.145333 0.000000 0.000000 0.000000 -0.154574 
 0.145417 0.000000 0.000000 0.000000 -0.154197 
 0.145500 0.000000 0.000000 0.000000 -0.154684 
 0.145583 0.000000 0.000000 0.000000 -0.144160 
 0.145667 0.000000 0.000000 0.000000 -0.113186 
 0.145750 0.000000 0.000000 0.000000 -0.144103 
 0.145833 0.000000 0.000000 0.000000 -0.123314 
 0.145917 0.000000 0.000000 0.000000 -0.123111 
 0.146000 0.000000 0.000000 0.000000 -0.123528 
 0.146083 0.000000 0.000000 0.000000 -0.134138 
 0.146167 0.000000 0.000000 0.000000 -0.144828 
 0.146250 0.000000 0.000000 0.000000 -0.123550 
 0.146333 0.000000 0.000000 0.000000 -0.123578 
 0.146417 0.000000 0.000000 0.000000 -0.144977 
 0.146500 0.000000 0.000000 0.000000 -0.144980 
 0.146583 0.000000 0.000000 0.000000 -0.144976 
 0.146667 0.000000 0.000000 0.000000 -0.134433 
 0.146750 0.000000 0.000000 0.000000 -0.134518 
 0.146833 0.000000 0.000000 0.000000 -0.091001 
 0.146917 0.000000 0.000000 0.000000 -0.123907 
 0.147000 0.000000 0.000000 0.000000 -0.135195 
 0.147083 0.000000 0.000000 0.000000 -0.134945 
 0.147167 0.000000 0.000000 0.000000 -0.134945 
 0.147250 0.000000 0.000000 0.000000 -0.135444 
 0.147333 0.000000 0.000000 0.000000 -0.135397 
 0.147417 0.000000 0.000000 0.000000 -0.135090 
 0.147500 0.000000 0.000000 0.000000 -0.134492 
 0.147583 0.000000 0.000000 0.000000 -0.123281 
 0.147667 0.000000 0.000000 0.000000 -0.112719 
 0.147750 0.000000 0.000000 0.000000 -0.113132 
 0.147833 0.000000 0.000000 0.000000 -0.135454 
 0.147917 0.000000 0.000000 0.000000 -0.124532 
 0.148000 0.000000 0.000000 0.000000 -0.125632 
 0.148083 0.000000 0.000000 0.000000 -0.136577 
 0.148167 0.000000 0.000000 0.000000 -0.124743 
 0.148250 0.000000 0.000000 0.000000 -0.114340 
 0.148333 0.000000 0.000000 0.000000 -0.113858 
 0.148417 0.000000 0.000000 0.000000 -0.124866 
 0.148500 0.000000 0.000000 0.000000 -0.114631 
 0.148583 0.000000 0.000000 0.000000 -0.114631 
 0.148667 0.000000 0.000000 0.000000 -0.103697 
 0.148750 0.000000 0.000000 0.000000 -0.104457 
 0.148833 0.000000 0.000000 0.000000 -0.114883 
 0.148917 0.000000 0.000000 0.000000 -0.114066 
 0.149000 0.000000 0.000000 0.000000 -0.102979 
 0.149083 0.000000 0.000000 0.000000 -0.092709 
 0.149167 0.000000 0.000000 0.000000 -0.101238 
 0.149250 0.000000 0.000000 0.000000 -0.136400 
 0.149333 0.000000 0.000000 0.000000 -0.102122 
 0.149417 0.000000 0.000000 0.000000 -0.114192 
 0.149500 0.000000 0.000000 0.000000 -0.126405 
 0.149583 0.000000 0.000000 0.000000 -0.116232 
 0.149667 0.000000 0.000000 0.000000 -0.104169 
 0.149750 0.000000 0.000000 0.000000 -0.119548 
 0.149833 0.000000 0.000000 0.000000 -0.142315 
 0.149917 0.000000 0.000000 0.000000 -0.117680 
 0.150000 0.000000 0.000000 0.000000 -0.116806 
 0.150083 0.000000 0.000000 0.000000 -0.115620 
 0.150167 0.000000 0.000000 0.000000 -0.104424 
 0.150250 0.000000 0.000000 0.000000 -0.093164 
 0.150333 0.000000 0.000000 0.000000 -0.090710 
 0.150417 0.000000 0.000000 0.000000 -0.078212 
 0.150500 0.000000 0.000000 0.000000 -0.083269 
 0.150583 0.000000 0.000000 0.000000 -0.094567 
 0.150667 0.000000 0.000000 0.000000 -0.081968 
 0.150750 0.000000 0.000000 0.000000 -0.081968 
 0.150833 0.000000 0.000000 0.000000 -0.091935 
 0.150917 0.000000 0.000000 0.000000 -0.094722 
 0.151000 0.000000 0.000000 0.000000 -0.104659 
 0.151083 0.000000 0.000000 0.000000 -0.081997 
 0.151167 0.000000 0.000000 0.000000 -0.097731 
 0.151250 0.000000 0.000000 0.000000 -0.120440 
 0.151333 0.000000 0.000000 0.000000 -0.109425 
 0.151417 0.000000 0.000000 0.000000 -0.075267 
 0.151500 0.000000 0.000000 0.000000 -0.099737 
 0.151583 0.000000 0.000000 0.000000 -0.049441 
 0.151667 0.000000 0.000000 0.000000 -0.060862 
 0.151750 0.000000 0.000000 0.000000 -0.086889 
 0.151833 0.000000 0.000000 0.000000 -0.122855 
 0.151917 0.000000 0.000000 0.000000 -0.108186 
 0.152000 0.000000 0.000000 0.000000 -0.105102 
 0.152083 0.000000 0.000000 0.000000 -0.091851 
 0.152167 0.000000 0.000000 0.000000 -0.103329 
 0.152250 0.000000 0.000000 0.000000 -0.103329 
 0.152333 0.000000 0.000000 0.000000 -0.095434 
 0.152417 0.000000 0.000000 0.000000 -0.085742 
 0.152500 0.000000 0.000000 0.000000 -0.085820 
 0.152583 0.000000 0.000000 0.000000 -0.076150 
 0.152667 0.000000 0.000000 0.000000 -0.074384 
 0.152750 0.000000 0.000000 0.000000 -0.087761 
 0.152833 0.000000 0.000000 0.000000 -0.087908 
 0.152917 0.000000 0.000000 0.000000 -0.074469 
 0.153000 0.000000 0.000000 0.000000 -0.076476 
 0.153083 0.000000 0.000000 0.000000 -0.088018 
 0.153167 0.000000 0.000000 0.000000 -0.063073 
 0.153250 0.000000 0.000000 0.000000 -0.061072 
 0.153333 0.000000 0.000000 0.000000 -0.099883 
 0.153417 0.000000 0.000000 0.000000 -0.082201 
 0.153500 0.000000 0.000000 0.000000 -0.086321 
 0.153583 0.000000 0.000000 0.000000 -0.037930 
 0.153667 0.000000 0.000000 0.000000 -0.053747 
 0.153750 0.000000 0.000000 0.000000 -0.079069 
 0.153833 0.000000 0.000000 0.000000 -0.090812 
 0.153917 0.000000 0.000000 0.000000 -0.088663 
 0.154000 0.000000 0.000000 0.000000 -0.045263 
 0.154083 0.000000 0.000000 0.000000 -0.072731 
 0.154167 0.000000 0.000000 0.000000 -0.072789 
 0.154250 0.000000 0.000000 0.000000 -0.058947 
 0.154333 0.000000 0.000000 0.000000 -0.061173 
 0.154417 0.000000 0.000000 0.000000 -0.063437 
 0.154500 0.000000 0.000000 0.000000 -0.065674 
 0.154583 0.000000 0.000000 0.000000 -0.058917 
 0.154667 0.000000 0.000000 0.000000 -0.072880 
 0.154750 0.000000 0.000000 0.000000 -0.051861 
 0.154833 0.000000 0.000000 0.000000 -0.068378 
 0.154917 0.000000 0.000000 0.000000 -0.068378 
 0.155000 0.000000 0.000000 0.000000 -0.070913 
 0.155083 0.000000 0.000000 0.000000 -0.068490 
 0.155167 0.000000 0.000000 0.000000 -0.085043 
 0.155250 0.000000 0.000000 0.000000 -0.059205 
 0.155333 0.000000 0.000000 0.000000 -0.071057 
 0.155417 0.000000 0.000000 0.000000 -0.080319 
 0.155500 0.000000 0.000000 0.000000 -0.054513 
 0.155583 0.000000 0.000000 0.000000 -0.040277 
 0.155667 0.000000 0.000000 0.000000 -0.037761 
 0.155750 0.000000 0.000000 0.000000 -0.040297 
 0.155833 0.000000 0.000000 0.000000 -0.035176 
 0.155917 0.000000 0.000000 0.000000 -0.037747 
 0.156000 0.000000 0.000000 0.000000 -0.061282 
 0.156083 0.000000 0.000000 0.000000 -0.064000 
 0.156167 0.000000 0.000000 0.000000 -0.063908 
 0.156250 0.000000 0.000000 0.000000 -0.052132 
 0.156333 0.000000 0.000000 0.000000 -0.066594 
 0.156417 0.000000 0.000000 0.000000 -0.069255 
 0.156500 0.000000 0.000000 0.000000 -0.057601 
 0.156583 0.000000 0.000000 0.000000 -0.060307 
 0.156667 0.000000 0.000000 0.000000 -0.028600 
 0.156750 0.000000 0.000000 0.000000 -0.057666 
 0.156833 0.000000 0.000000 0.000000 -0.054979 
 0.156917 0.000000 0.000000 0.000000 -0.057730 
 0.157000 0.000000 0.000000 0.000000 -0.040445 
 0.157083 0.000000 0.000000 0.000000 -0.040445 
 0.157167 0.000000 0.000000 0.000000 -0.043270 
 0.157250 0.000000 0.000000 0.000000 -0.057920 
 0.157333 0.000000 0.000000 0.000000 -0.046173 
 0.157417 0.000000 0.000000 0.000000 -0.031479 
 0.157500 0.000000 0.000000 0.000000 -0.052082 
 0.157583 0.000000 0.000000 0.000000 -0.061038 
 0.157667 0.000000 0.000000 0.000000 -0.061038 
 0.157750 0.000000 0.000000 0.000000 -0.072893 
 0.157833 0.000000 0.000000 0.000000 -0.058233 
 0.157917 0.000000 0.000000 0.000000 -0.070097 
 0.158000 0.000000 0.000000 0.000000 -0.055400 
 0.158083 0.000000 0.000000 0.000000 -0.052413 
 0.158167 0.000000 0.000000 0.000000 -0.064339 
 0.158250 0.000000 0.000000 0.000000 -0.028660 
 0.158333 0.000000 0.000000 0.000000 -0.034700 
 0.158417 0.000000 0.000000 0.000000 -0.034700 
 0.158500 0.000000 0.000000 0.000000 -0.037865 
 0.158583 0.000000 0.000000 0.000000 -0.019829 
 0.158667 0.000000 0.000000 0.000000 -0.022939 
 0.158750 0.000000 0.000000 0.000000 -0.046756 
 0.158833 0.000000 0.000000 0.000000 -0.028674 
 0.158917 0.000000 0.000000 0.000000 -0.038042 
 0.159000 0.000000 0.000000 0.000000 -0.053182 
 0.159083 0.000000 0.000000 0.000000 -0.041258 
 0.159167 0.000000 0.000000 0.000000 -0.041490 
 0.159250 0.000000 0.000000 0.000000 -0.014410 
 0.159333 0.000000 0.000000 0.000000 -0.053429 
 0.159417 0.000000 0.000000 0.000000 -0.031886 
 0.159500 0.000000 0.000000 0.000000 -0.019985 
 0.159583 0.000000 0.000000 0.000000 -0.019985 
 0.159667 0.000000 0.000000 0.000000 -0.020004 
 0.159750 0.000000 0.000000 0.000000 -0.008047 
 0.159833 0.000000 0.000000 0.000000 -0.023314 
 0.159917 0.000000 0.000000 0.000000 -0.028696 
 0.160000 0.000000 0.000000 0.000000 -0.019995 
 0.160083 0.000000 0.000000 0.000000 -0.016738 
 0.160167 0.000000 0.000000 0.000000 -0.031998 
 0.160250 0.000000 0.000000 0.000000 -0.038599 
 0.160333 0.000000 0.000000 0.000000 -0.035420 
 0.160417 0.000000 0.000000 0.000000 -0.044042 
 0.160500 0.000000 0.000000 0.000000 -0.035420 
 0.160583 0.000000 0.000000 0.000000 -0.026798 
 0.160667 0.000000 0.000000 0.000000 -0.023417 
 0.160750 0.000000 0.000000 0.000000 -0.026763 
 0.160833 0.000000 0.000000 0.000000 0.007306 
 0.160917 0.000000 0.000000 0.000000 -0.030409 
 0.161000 0.000000 0.000000 0.000000 -0.023603 
 0.161083 0.000000 0.000000 0.000000 -0.011600 
 0.161167 0.000000 0.000000 0.000000 -0.011600 
 0.161250 0.000000 0.000000 0.000000 -0.008153 
 0.161333 0.000000 0.000000 0.000000 0.060827 
 0.161417 0.000000 0.000000 0.000000 -0.023686 
 0.161500 0.000000 0.000000 0.000000 -0.020202 
 0.161583 0.000000 0.000000 0.000000 -0.023704 
 0.161667 0.000000 0.000000 0.000000 -0.023663 
 0.161750 0.000000 0.000000 0.000000 -0.042633 
 0.161833 0.000000 0.000000 0.000000 -0.046342 
 0.161917 0.000000 0.000000 0.000000 -0.030796 
 0.162000 0.000000 0.000000 0.000000 -0.015190 
 0.162083 0.000000 0.000000 0.000000 -0.027207 
 0.162167 0.000000 0.000000 0.000000 -0.015334 
 0.162250 0.000000 0.000000 0.000000 -0.015334 
 0.162333 0.000000 0.000000 0.000000 -0.004651 
 0.162417 0.000000 0.000000 0.000000 -0.023847 
 0.162500 0.000000 0.000000 0.000000 -0.008250 
 0.162583 0.000000 0.000000 0.000000 -0.020293 
 0.162667 0.000000 0.000000 0.000000 -0.008263 
 0.162750 0.000000 0.000000 0.000000 -0.008263 
 0.162833 0.000000 0.000000 0.000000 0.026645 
 0.162917 0.000000 0.000000 0.000000 -0.011847 
 0.163000 0.000000 0.000000 0.000000 0.003766 
 0.163083 0.000000 0.000000 0.000000 -0.004604 
 0.163167 0.000000 0.000000 0.000000 -0.015535 
 0.163250 0.000000 0.000000 0.000000 0.024245 
 0.163333 0.000000 0.000000 0.000000 0.004753 
 0.163417 0.000000 0.000000 0.000000 -0.010998 
 0.163500 0.000000 0.000000 0.000000 -0.019529 
 0.163583 0.000000 0.000000 0.000000 -0.019529 
 0.163667 0.000000 0.000000 0.000000 -0.015761 
 0.163750 0.000000 0.000000 0.000000 -0.003693 
 0.163833 0.000000 0.000000 0.000000 -0.007568 
 0.163917 0.000000 0.000000 0.000000 0.071668 
 0.164000 0.000000 0.000000 0.000000 0.083550 
 0.164083 0.000000 0.000000 0.000000 0.008418 
 0.164167 0.000000 0.000000 0.000000 0.012011 
 0.164250 0.000000 0.000000 0.000000 0.020296 
 0.164333 0.000000 0.000000 0.000000 -0.011390 
 0.164417 0.000000 0.000000 0.000000 -0.007609 
 0.164500 0.000000 0.000000 0.000000 -0.031971 
 0.164583 0.000000 0.000000 0.000000 -0.007786 
 0.164667 0.000000 0.000000 0.000000 -0.007677 
 0.164750 0.000000 0.000000 0.000000 -0.007677 
 0.164833 0.000000 0.000000 0.000000 -0.023769 
 0.164917 0.000000 0.000000 0.000000 -0.007828 
 0.165000 0.000000 0.000000 0.000000 -0.003981 
 0.165083 0.000000 0.000000 0.000000 -0.000135 
 0.165167 0.000000 0.000000 0.000000 -0.004111 
 0.165250 0.000000 0.000000 0.000000 0.020104 
 0.165333 0.000000 0.000000 0.000000 0.016231 
 0.165417 0.000000 0.000000 0.000000 -0.020083 
 0.165500 0.000000 0.000000 0.000000 0.008018 
 0.165583 0.000000 0.000000 0.000000 0.027905 
 0.165667 0.000000 0.000000 0.000000 0.011898 
 0.165750 0.000000 0.000000 0.000000 0.007996 
 0.165833 0.000000 0.000000 0.000000 0.027910 
 0.165917 0.000000 0.000000 0.000000 0.027910 
 0.166000 0.000000 0.000000 0.000000 0.027904 
 0.166083 0.000000 0.000000 0.000000 0.040004 
 0.166167 0.000000 0.000000 0.000000 0.096296 
 0.166250 0.000000 0.000000 0.000000 0.019953 
 0.166333 0.000000 0.000000 0.000000 0.003892 
 0.166417 0.000000 0.000000 0.000000 0.023944 
 0.166500 0.000000 0.000000 0.000000 0.007809 
 0.166583 0.000000 0.000000 0.000000 0.003821 